0.000000000000000000e+00,1.650563362944183765e-01,2.529786797194856218e-01,1.285000285165555922e-01,1.570709718038162672e-01,2.050357044608615842e-01,1.980437524205175270e-01,2.346944662770682477e-01,1.125141128414923752e-01,2.430218780951113600e-01,2.637294071135770079e-01,2.509018624695473765e-01,2.113901266353135633e-01,2.651923323615864025e-01,2.706058212054268663e-01,2.773659662394011294e-01,2.665058660921997280e-01,2.670862406751622897e-01,2.632958853041899583e-01,1.511724059036442802e-01,2.638952176848738951e-01,2.665171523229725725e-01,1.325022409779819388e-01,2.733678235374926713e-01,2.436737391658931606e-01,2.157917007286343225e-01,2.666106562370685884e-01,2.639968178120384867e-01,9.403554483973433631e-02,9.355643599990944026e-02,1.937065668884191405e-01,1.936261150897111705e-01,2.089299041435505044e-01,2.216163468953538940e-01,2.742760515982579084e-01,2.558538019139681152e-01,2.615268181555519544e-01,2.203433661214967143e-01,2.513449280389604135e-01,2.747123373274801827e-01,2.102809571428309876e-01,1.827348751995469256e-01,2.714343887556331936e-01,2.609077179708002014e-01,2.729905876875626247e-01,2.735793674094260108e-01,2.732181645863111519e-01,2.691383659614922097e-01,2.647533783531682561e-01,2.765289900062185557e-01,4.850863475912967071e-02,4.098471877352088261e-02,3.236373142417236712e-03,3.215076147562752340e-02,3.909468995122654562e-03,9.666339694364959115e-03,2.592198360015550151e-01,2.638907278071090379e-01,2.608275078087519683e-01,2.693911967773475191e-01,2.677243832045022032e-01,2.791495121338238850e-01,2.652342622533315208e-01,2.669391931422843700e-01,2.695189305102870803e-01,1.015008653292081564e-01,5.900826643046616637e-02,2.783757533525993977e-01,2.723507388131850560e-01,2.754134045324659885e-01,2.659390671737825174e-01,2.619070997727270256e-01,2.457665498118495606e-01,2.747845928606030830e-01,2.783495999913174201e-01,2.758191058413244634e-01,2.652748411912106974e-01,2.772162715375524056e-01,2.686957091354405525e-01,8.416097099789711378e-02,1.856917725314329859e-01,2.701275555889369739e-01,4.275872678219187067e-02,1.365319659177363087e-01,2.633986037515643752e-01,2.726078172092092911e-01,2.619740549368910765e-01,2.618246165956790716e-01,2.758652900201958857e-01,2.766273148790872605e-01,2.720118088554498437e-01,2.610644895205115334e-01,4.041589411775936558e-02,2.631755705578298632e-01,2.707120543092436660e-01,2.503121705989765355e-01,2.639458087783372875e-01,1.193630939931913520e-01,2.512378789083996589e-01,2.378510364761358964e-01,1.711463125252286888e-01,2.385531383220092505e-01,1.631487316523834996e-01,2.329203144974722473e-01,2.238523114083964261e-01,1.825526794620844495e-01,2.441666501268954237e-01,2.665979289189961410e-01,2.411459830943044058e-01,2.616980969869031060e-01,2.615985517841991070e-01,2.660349021160061667e-01,2.583877726178355760e-01,2.725491804282176300e-01,1.448192025228964008e-01,2.176837065682873940e-01,2.562600147399211048e-01,2.764028080338933879e-01,2.141495497200784359e-01,1.722879038787976380e-01,1.042880842253205292e-01,2.684619964226051536e-01,1.392726364881576306e-01,2.590875953691221256e-01,2.644986792113178109e-01,1.642583239696922270e-01,2.614207834299176469e-01,2.747159484434258947e-01,2.640085093782020276e-01,2.720271546079452429e-01,1.239463202148917698e-01,2.192982745373779074e-01,2.305291584037728880e-01,2.468461217716966805e-01,2.573020083376990064e-01,2.109580891920440349e-01,2.732840392350208703e-01,2.512075959743419462e-01,2.229392610302105282e-01,2.520478394032435454e-01,2.613558310575953558e-01,2.589898835152708023e-01,2.431426542959372883e-01,1.074258738654590775e-02,1.550579038036159207e-01,2.739455608924525332e-01,2.717548491106845376e-01,1.395613301815994689e-01,2.651626900692055644e-01,2.032266317723676330e-01,2.628680020847568577e-01,2.741248140513559695e-01,2.500674176645950597e-01,1.150774552331085832e-01,2.773546436740549903e-01,2.717728611294111252e-01,4.509268511139443575e-02,1.221115780452593363e-01,9.862859367115636711e-02,2.477526856728707594e-01,2.275424224752347138e-02,2.189547182252050278e-02,1.761802887821656283e-02,5.353089261520081743e-02,2.547600510808598617e-01,2.683873130230122195e-01,1.834650823330202796e-01,2.421537226376718199e-01,2.517613954877121474e-01,1.000825889630853199e-01,1.036192939787839301e-01,1.861438519184931140e-01,2.735479254470473687e-01,2.764524273636218554e-01,2.374730511507297803e-01,2.174235355057399788e-01,3.996106244508649402e-02,2.532733208833793381e-01,2.477057391636095229e-01,2.664575844279762351e-01,2.661788032334977960e-01,2.558142501313217521e-01,2.774466150095938333e-01,2.385341552530791109e-01,2.648636319568021813e-01,2.684661937567655032e-01,2.559014171357221201e-01,4.654037437938551847e-02,2.225148705151598350e-01,2.603826490814759032e-01,1.636953839686360879e-01,2.462341920244303928e-01,2.255061996551841197e-01,2.391940921491156058e-01,2.618246245327071620e-01,2.113211104516408145e-01,2.447918799334462270e-01,2.472563273098956627e-01,2.357295931905216968e-01,2.433961772615430841e-01,7.159916952245612420e-02,1.193479059500692219e-01,4.745040589960471816e-02,9.607564647461348806e-02,7.187347046849466847e-02,4.330859968893997075e-02,5.601279354419638062e-02,5.908144820800588504e-02,2.723640246104724189e-02,9.604206909370481549e-02,1.760198508980314810e-02,2.632376540116319538e-02,1.572459857589268428e-01,1.771844474641413869e-01,2.017698416325372779e-01,1.010787390884313602e-01,3.380916439497262671e-02,3.703044835391079703e-02,5.583540621420082090e-02,2.035933113065340958e-02,8.818452569684960551e-02,5.048792787299227758e-02,5.656736196711591343e-03,6.725256367556610437e-02,7.929521893149121814e-02,5.723444565908149956e-02,2.332270180200654922e-02,2.220933101943184038e-02,1.827203384085911986e-01,8.496560912892178741e-02,1.202569788702790993e-01,1.760167802314663299e-01
1.650563362944183765e-01,0.000000000000000000e+00,1.720989706940952435e-01,2.171314503275069696e-01,2.291839993278370624e-01,2.180519576444521490e-01,2.200428253861269889e-01,2.122178828866782829e-01,1.011263221306527293e-01,2.085348908742454266e-01,2.171568377635726410e-01,2.267370440647111796e-01,2.153243307303376597e-01,2.278487635395571864e-01,2.265773247629119524e-01,2.263770779260919075e-01,2.231610711399691083e-01,2.295550598749740712e-01,2.146812822730716497e-01,1.454960402872113312e-01,2.217182107312445360e-01,2.213723958040570428e-01,1.407206855753140862e-01,2.259614845938860694e-01,2.278980449281114151e-01,2.220198843776439446e-01,2.263669329579566514e-01,2.231582011447114100e-01,1.177602474199363897e-01,1.945002089985840565e-01,2.272754505354729060e-01,2.301859075213830708e-01,2.143102766663678993e-01,2.209128395920519350e-01,2.260615605428165920e-01,2.252506834925043500e-01,2.282727199119267414e-01,2.290413312828674386e-01,2.275252736469876857e-01,2.277514782827053663e-01,2.152008958396575966e-01,1.784210143675910298e-01,2.236757576312437823e-01,2.202819181975831098e-01,2.267462913468310526e-01,2.299214090007587197e-01,2.241467412875350063e-01,2.198999684545603905e-01,2.247440410356827956e-01,2.237914713196968997e-01,5.068810174617930514e-02,3.461383712526368978e-02,3.242441894688513800e-03,3.292633074931559933e-02,4.029905707628287856e-03,1.187302321001416916e-02,2.168998084763575085e-01,2.133751554544847107e-01,2.262237821116836467e-01,2.202521236919862402e-01,2.299169112796964898e-01,2.220238311437384704e-01,2.126452103279344030e-01,2.271974430489502594e-01,2.163114303740692745e-01,1.053784823072747567e-01,5.314214677423416411e-02,2.100455175304624111e-01,2.040031926439074550e-01,2.143708865245661788e-01,2.028809728663823475e-01,2.259909917323717765e-01,2.104557348653799953e-01,2.260173021933275794e-01,2.119041584305986492e-01,2.276183103454129386e-01,2.125514401291384581e-01,2.227239469144297601e-01,2.076093536182176125e-01,8.613739096034771225e-02,1.852956881317870674e-01,2.232360465152451734e-01,6.060346660793977658e-02,1.417496366018960730e-01,2.079671206380650228e-01,1.936639775213121750e-01,2.079704907028060989e-01,1.957698491576851108e-01,2.153463583435404616e-01,2.154671643165474160e-01,2.040632797181801683e-01,2.231182350834653161e-01,3.949063306946257873e-02,1.983669572358126021e-01,2.030277117482405802e-01,2.229639928038042729e-01,2.221899368296461341e-01,1.535556239312030058e-01,2.078742729839691272e-01,2.109154572266575545e-01,2.273638880588650102e-01,2.290411159345063785e-01,1.719274907847802847e-01,1.510382001911637628e-01,2.299577023386207009e-01,2.289036873870232136e-01,2.094147982311850287e-01,2.070457654640443790e-01,2.073569882048588719e-01,2.108461829434484791e-01,2.175272078387978647e-01,2.212261938647129833e-01,2.198664317456131834e-01,2.262444478805687165e-01,1.611265113001633387e-01,2.199812079198568693e-01,2.163619689086282716e-01,2.291213837527725505e-01,2.284816814065067647e-01,1.663231537783917968e-01,9.981653425398120949e-02,2.256107812764820975e-01,1.374523350501452301e-01,2.279684978222482339e-01,2.266726855000158192e-01,1.664655661712580448e-01,2.265195080911343861e-01,2.282653185764168813e-01,2.296685249490060809e-01,2.281764736976898689e-01,1.543998147062410620e-01,2.296358356680879287e-01,2.276715093430060066e-01,2.236833061915493859e-01,2.284600385600630279e-01,2.243617182299126045e-01,2.300719212396593605e-01,2.241753624043328341e-01,2.261260024118683098e-01,2.176306799355688659e-01,2.294628089931478598e-01,2.267295451507821968e-01,2.232600803176907622e-01,1.722102300286148385e-02,1.613869012380318713e-01,2.290261618787305387e-01,2.231616248293988025e-01,1.545064197699490272e-01,2.189239427243364344e-01,2.199803084916695239e-01,2.283809548430911218e-01,2.246749242163068039e-01,2.228402718452676123e-01,1.158999048969756446e-01,2.265001531357063724e-01,2.204316018858083204e-01,4.784915762218336366e-02,1.369426077897707983e-01,1.093480317260464574e-01,1.999619561900127518e-01,3.181316377502145520e-02,2.305412603671509048e-02,2.493746652598696073e-02,8.563938818572740252e-02,2.127562642737634568e-01,2.202267473080872229e-01,1.832486823152379429e-01,2.266294708507801403e-01,2.212398199517603692e-01,9.976571972882090911e-02,1.025380721621021174e-01,1.840091208766358177e-01,2.157331541561357258e-01,2.247912850050500233e-01,2.157593464190021015e-01,2.146809197736683217e-01,5.032879235840849452e-02,2.131601786438359070e-01,2.138790681224752299e-01,2.266137823567153931e-01,2.259296948730554755e-01,2.221351841311674236e-01,2.264458199840000963e-01,2.173179342040298390e-01,2.269584119958907020e-01,2.262420866396200603e-01,2.271684969099834472e-01,4.616797806031203849e-02,1.983777033052493421e-01,2.098984622214200846e-01,1.715170194874272025e-01,2.166116065853873340e-01,1.899651329052331195e-01,2.269911079646591001e-01,2.211995815030067258e-01,2.201020938538152116e-01,2.170383928747425528e-01,2.219694908024078539e-01,2.307939954815043659e-01,2.313231960373289264e-01,8.564040562114069721e-02,1.209261115746572968e-01,5.282697722193247653e-02,1.036879821329494550e-01,9.329051941999277897e-02,6.305733238480941416e-02,7.156257775792422560e-02,8.541041868405681303e-02,2.723855012878653378e-02,9.820048262608228884e-02,1.907139236958665940e-02,2.552250961836434462e-02,1.649394187437195070e-01,1.882760443343821921e-01,2.128813719804546201e-01,1.102897413630143514e-01,3.906406148647195015e-02,3.883626071222728848e-02,6.133326125059900685e-02,2.032443449005703201e-02,1.037527550386620340e-01,5.832382276500754081e-02,7.390949144460798315e-03,7.555505373909625344e-02,8.271146520660224710e-02,5.638822744860608194e-02,2.391222682447545836e-02,2.364942557892641892e-02,1.922870124824207494e-01,8.944086497274053582e-02,1.226722910664686528e-01,1.764818096522754731e-01
2.529786797194856218e-01,1.720989706940952713e-01,0.000000000000000000e+00,2.871616359372283767e-01,2.732776191511240849e-01,2.513644884562648008e-01,2.201019139983722006e-01,2.801836691277017066e-01,9.204088736932561354e-02,2.571955683992907526e-01,2.435677594754593056e-01,2.758271798594366109e-01,2.073120663322451929e-01,2.722582064119311585e-01,2.698291631819815239e-01,2.709790595231069688e-01,2.799494092428483349e-01,2.542478940332709714e-01,2.828519282584975869e-01,1.427934471498620295e-01,2.705757757783426309e-01,2.811726799051348369e-01,1.203001100096585396e-01,2.668877701872987007e-01,2.600974305431029143e-01,2.046660603799444478e-01,2.563685327527071012e-01,2.458865299353812373e-01,9.815589342406824680e-02,2.494726972235548346e-01,2.814392193219336646e-01,2.707502094459632302e-01,2.869619052105780166e-01,2.758610375734893427e-01,2.632515358825685547e-01,2.726708868513498252e-01,2.740961365265745520e-01,2.179127509589995626e-01,2.716263159011501060e-01,2.719495687943817019e-01,1.883143113219352127e-01,1.752876156766720595e-01,2.533636196129413487e-01,2.389875632328717081e-01,2.620495201400441787e-01,2.872487289394234367e-01,2.663946674728242536e-01,2.362231515540949289e-01,2.362733180479310857e-01,2.598532782396503205e-01,5.121131550918532616e-02,5.215529582478717341e-02,4.138421298395033275e-03,2.626971438816430582e-02,7.276071098864592135e-03,9.896323553408045356e-03,2.801552897005020748e-01,2.694440204553339435e-01,2.672857341248959240e-01,2.645085183606024071e-01,2.682475528966395406e-01,2.442098732002821460e-01,2.723607311868285197e-01,2.591399468876148804e-01,2.769260154787124284e-01,9.956314287478142122e-02,4.889675167491561864e-02,2.616434382120350621e-01,2.582342607484525709e-01,2.787544522358036403e-01,2.636446867215756495e-01,2.690266512920030384e-01,2.746851263390224784e-01,2.568634802076125156e-01,2.688385717948936771e-01,2.619454917488435175e-01,2.620968533633634134e-01,2.625067339899738172e-01,2.723178184085001674e-01,7.311632758809855082e-02,2.047183967486380374e-01,2.345484640658161979e-01,6.958505362676843664e-02,1.314472872602049369e-01,2.824941770965260224e-01,2.856538167146478457e-01,2.643258806991551357e-01,2.770776969171288018e-01,2.804021913276630307e-01,2.571588426613002909e-01,2.883929247447739597e-01,2.613276887862011622e-01,4.310755947261461773e-02,2.833885869969989812e-01,2.803287251277210013e-01,2.353281825315484133e-01,2.591177622453679774e-01,1.215720200578715854e-01,2.802620993841545283e-01,2.774319759811356145e-01,2.861560777281232926e-01,2.876599379323140915e-01,2.638308451323375659e-01,2.867749239833530805e-01,2.742252073328660389e-01,2.790291138182197650e-01,2.610805659020337677e-01,2.355696860097560297e-01,2.716187582306509030e-01,2.523031198379027673e-01,2.409773662272593764e-01,2.776201857025036301e-01,2.713501731141251816e-01,2.336667701225816629e-01,1.348499524368153846e-01,1.967444451865423827e-01,2.665662706499397627e-01,2.720517149776626176e-01,2.179215762245962917e-01,1.699653488530670220e-01,1.103081190568812320e-01,2.695689411508382927e-01,1.340182201494115877e-01,2.676276293829082942e-01,2.750816642719063343e-01,1.349712770636089798e-01,2.383965515811359293e-01,2.763575581779300627e-01,2.745368423967270988e-01,2.461592093456926589e-01,1.563157496628940768e-01,2.514006843620168463e-01,2.569544515615839186e-01,2.863793526739858430e-01,2.735388092631729218e-01,2.817664454955098319e-01,2.732759131155785837e-01,2.789203597189959249e-01,2.739944200426877585e-01,2.478841124191232537e-01,2.742885373185555697e-01,2.699909428285104385e-01,2.668161937987783006e-01,1.559469086735066658e-02,1.465273961759467336e-01,2.724371233065300268e-01,2.498562687639381275e-01,1.362474297224472997e-01,2.529554421870374714e-01,2.213781008140950635e-01,2.507186112376333376e-01,2.567975128789196093e-01,2.425262226231960361e-01,1.024388463593721849e-01,2.786454562519140588e-01,2.473061220699639406e-01,6.135291728633954916e-02,1.279700371624407640e-01,1.069674813353257842e-01,2.890003013196517090e-01,3.485842398126892672e-02,3.126375166337782424e-02,2.686013719965583621e-02,8.870517163591329357e-02,2.675588248003005210e-01,2.780722414164705780e-01,1.763164154060535838e-01,2.382405783778876185e-01,2.415677217597483051e-01,1.014936169542714345e-01,1.079566993529429003e-01,1.747238508745065366e-01,2.558975070649375794e-01,2.611395232516092735e-01,2.346359599550152109e-01,2.422856287564817690e-01,6.741742667442178483e-02,2.550928428917277890e-01,2.815315841745418268e-01,2.562040341181416325e-01,2.638009052993569026e-01,2.674372449969150689e-01,2.728063766303042148e-01,2.541054363415837236e-01,2.258349492740485687e-01,2.339589510060620103e-01,2.222379897115980552e-01,4.534128915260562942e-02,2.756152034595895084e-01,2.651539290699728157e-01,1.826682800968693343e-01,2.590299959416026421e-01,2.815702282448366289e-01,2.589679354324407323e-01,2.472408563401315984e-01,2.334406021965363953e-01,2.782050151222219547e-01,2.744161319216218420e-01,2.604051523891445230e-01,2.685667477745271592e-01,7.574652921066236944e-02,9.587688937813304557e-02,4.703525779864229511e-02,9.291473636253065604e-02,8.688575263001643845e-02,4.212612479399744508e-02,4.523097276923573190e-02,6.044648024951401050e-02,2.166606865903183618e-02,8.947525607184236840e-02,1.822762721610070996e-02,2.298434970190701282e-02,1.460583097528918017e-01,1.501900097712676463e-01,1.951383423645666748e-01,1.068764052351809657e-01,1.879214581081361732e-02,2.841586692348774604e-02,5.427407724234377395e-02,2.375883227430568984e-02,9.040238039949681503e-02,3.512257382521989657e-02,6.123586079043035445e-03,4.476059308642428569e-02,7.487791533170239100e-02,5.214364259160119558e-02,2.102195445081328842e-02,2.220792109726640179e-02,1.698065433051329232e-01,7.125453436671841390e-02,1.138956301371220337e-01,1.793444292903368376e-01
1.285000285165555922e-01,2.171314503275069696e-01,2.871616359372283767e-01,0.000000000000000000e+00,3.043470701229146758e-01,2.922155967656513420e-01,1.859651909378531032e-01,2.939857766373049075e-01,1.111206908363955581e-01,3.582450522971350471e-01,3.917421633426738103e-01,4.249423679084386452e-01,2.196722789232946615e-01,3.444692053840937018e-01,3.999179116429667502e-01,3.345522958753669451e-01,2.987886741091796972e-01,2.682409602152512895e-01,2.970235013861582951e-01,1.507154029559370223e-01,3.073894382010889381e-01,4.912385621957896520e-01,1.303529161956534788e-01,4.376186252231386020e-01,4.173093246350214613e-01,2.186877577117056215e-01,3.549615060971257341e-01,3.871098879021271921e-01,1.125749755461237928e-01,1.654531274979620104e-01,3.990817835031093552e-01,3.945077465890968749e-01,4.181592631636024127e-01,4.621397799889229718e-01,3.291091663767319875e-01,3.749493648455528572e-01,3.832598094939839717e-01,2.249577150698016392e-01,3.729993928664597225e-01,4.914036494091438834e-01,2.097858786277998211e-01,1.864045977931156894e-01,3.936784803320954040e-01,4.263336599985567132e-01,4.099549119379720663e-01,3.102349699976892361e-01,5.049998983717023382e-01,4.281216884143854151e-01,2.647480204490024747e-01,3.337994748964782654e-01,4.550952388270403104e-02,4.279527534259134486e-02,4.620619712684269527e-03,3.163604905467574946e-02,3.644596027701635203e-03,1.135283026177675778e-02,3.412299494429173463e-01,4.903521626851793380e-01,4.556800918632197828e-01,5.032086228050289822e-01,3.595446229871395172e-01,4.899142960299896488e-01,4.731611915454304595e-01,3.428179365787889510e-01,5.053492086498684310e-01,1.014970755304945016e-01,6.087294392036131374e-02,5.093187709514718220e-01,4.855711211178382891e-01,4.398132963680406182e-01,4.702347647039718526e-01,4.987313200328529206e-01,4.978064317590408794e-01,4.130493940494863181e-01,5.095510083649599231e-01,4.653514207857222806e-01,5.028970888952901674e-01,4.239474359028615469e-01,5.055811361759071643e-01,8.096954165515481139e-02,1.585656960221919209e-01,2.942735618308292000e-01,6.389869418722413097e-02,1.389279353515672777e-01,4.622184189516007624e-01,5.051774353039105714e-01,4.945509631067931955e-01,4.927341817180858063e-01,3.864541495239945945e-01,4.829539894801384570e-01,5.011397641953607707e-01,2.737312691338593118e-01,3.653708896938783618e-02,4.482451467416008750e-01,5.011759181364685567e-01,4.490226944845790436e-01,3.536552641390038887e-01,1.184515790591603029e-01,4.938461166522158385e-01,4.873995475692403101e-01,2.026022285665339262e-01,3.339304967825504344e-01,2.903124172253576107e-01,2.851829845648107264e-01,3.678109685698269793e-01,3.127597468887183818e-01,3.501883312860530895e-01,2.822125815781406089e-01,4.611443555280729245e-01,3.025587822784891467e-01,4.298866828111604366e-01,4.029990013956744610e-01,3.126102090888513985e-01,3.188325910345322645e-01,1.528549448738950878e-01,2.157203866001426718e-01,3.147449931111931942e-01,3.373265611353288840e-01,2.147325869362265161e-01,1.725715777037807874e-01,1.200690266308218068e-01,2.878417768712021041e-01,1.358886245564302764e-01,4.682598343060569990e-01,4.459240975788484329e-01,1.655842347015605009e-01,3.585133303975039376e-01,3.210512974006439757e-01,3.807422967909380729e-01,3.737865275142672195e-01,1.347964146018706677e-01,4.442375538223247711e-01,4.592869697713663490e-01,4.466544460240843839e-01,4.949942060813185551e-01,4.432347948098955825e-01,4.908829572123226681e-01,4.585307805454066910e-01,4.834950064578732998e-01,2.691436146134965068e-01,3.388888301357894650e-01,4.967885567642734146e-01,4.997196140969335509e-01,1.321372513336768230e-02,1.587980526622814470e-01,3.329413077123437592e-01,4.136442212840131250e-01,1.459398485107788745e-01,4.019160680257011786e-01,2.228910378348928079e-01,5.079205461716153058e-01,5.096930547273769152e-01,4.767274513803223535e-01,1.159989457683609226e-01,3.373404884589389363e-01,3.728647247720164315e-01,4.937306671797668522e-02,1.181278272756140502e-01,1.020225773767216293e-01,2.528456962520378992e-01,2.144579389963920807e-02,2.829618165863734616e-02,2.279693455792041606e-02,6.862699586215345593e-02,4.979279146951750556e-01,5.051862752430815728e-01,1.836990253575822851e-01,4.897836063950205543e-01,4.987351947749559256e-01,1.014476820251181827e-01,1.057886591638990681e-01,1.838728319048543169e-01,5.091241360947748040e-01,5.110896047386940255e-01,4.998297277272081840e-01,4.880372693813790352e-01,5.203004480417761091e-02,4.980996190363080056e-01,3.445851289282805818e-01,4.567735991054441835e-01,5.090279488315692102e-01,5.039987348401326894e-01,2.949067733796477131e-01,4.933492891548680870e-01,3.877931771079913825e-01,5.075858159157624616e-01,2.599288674143240274e-01,4.628938880257058713e-02,4.654720110515468967e-01,4.250278229241541417e-01,1.696366264501740495e-01,4.012667616452291197e-01,4.907610443266874345e-01,4.782560144150656556e-01,4.212906366525965840e-01,2.035532014227006969e-01,4.966726283640504058e-01,4.961363743474473398e-01,4.723696187338489727e-01,4.812997094707076040e-01,7.492451627214290200e-02,1.183367547853724500e-01,5.004524804821430112e-02,9.381873893742782855e-02,7.320448103914392601e-02,5.109817091086494428e-02,6.333677097055938343e-02,7.012901253484281339e-02,2.709749819103639962e-02,9.907238240838368848e-02,1.859215249029044087e-02,2.340817004778360591e-02,1.574107078368631729e-01,1.778067766889341039e-01,2.113283865461040856e-01,1.056404969017604861e-01,3.630982245320153040e-02,3.608826098690721962e-02,5.882455012801730138e-02,1.930502143406226043e-02,8.715192906012636520e-02,5.591466110955673613e-02,9.449726966696042965e-03,6.756079670689595085e-02,8.069406096401732231e-02,5.951032675179823012e-02,2.221633732093266853e-02,2.208587568979486840e-02,1.849815373183536504e-01,8.359144763748101170e-02,1.228157407085519182e-01,1.817085172772285040e-01
1.570709718038162672e-01,2.291839993278370624e-01,2.732776191511240849e-01,3.043470701229146758e-01,0.000000000000000000e+00,1.138050740087540175e-01,7.135772899097973798e-02,2.951273888865433292e-01,9.393471542588927026e-02,3.509954269788184700e-01,3.704131531350607909e-01,4.233712957716352365e-01,2.202802865687841505e-01,3.273059239562768896e-01,3.980667794020139039e-01,3.370142003687903176e-01,2.987837084990693781e-01,2.677443164773955497e-01,2.914367900964094371e-01,1.526380435117297985e-01,3.152974250876935391e-01,5.013071273661051652e-01,1.390510232500289656e-01,4.425526721984461842e-01,4.211989921156467087e-01,2.220185704535020677e-01,3.567197279618651296e-01,3.833299251446713463e-01,1.036187380540986719e-01,7.647142124095608617e-02,3.671898637711141777e-01,2.027909877638148228e-01,2.794719816370538346e-01,4.201448949918918374e-01,3.222160198907330075e-01,3.531379651097064087e-01,3.576620275935730731e-01,2.083815237460371617e-01,3.578714643124805139e-01,4.900993555834172732e-01,2.169917266720101379e-01,1.832759142820012677e-01,3.991030908074902350e-01,4.104966309290354887e-01,4.127668242420098887e-01,3.124921867899538852e-01,5.092368588769942139e-01,4.310107502896819986e-01,2.625334663532936652e-01,3.364982711630357670e-01,4.560569484357399062e-02,4.016186554785184520e-02,4.200405697410537244e-03,3.011760444727400177e-02,3.189948353951684544e-03,1.127406326473569080e-02,3.292541999317688539e-01,5.554828018173427751e-01,4.367730758371494160e-01,5.409840272598716027e-01,3.432567015742071792e-01,4.893783269153929028e-01,4.820906262394461517e-01,3.428028587821979056e-01,5.729648219318498326e-01,1.000988426758395861e-01,5.819781344786926353e-02,5.730461804342703580e-01,4.918099565266318418e-01,4.423565225701065473e-01,4.845706053400531399e-01,5.416400372530020269e-01,5.358870610046195804e-01,4.135079790073696304e-01,5.716828007738089523e-01,4.712709618626750863e-01,5.663674599932019271e-01,4.233956374110494636e-01,5.714199369724313193e-01,8.298056741115633628e-02,1.842418766425694687e-01,2.931685542235265007e-01,6.141584919842561080e-02,1.330648161391773110e-01,4.682591359724855296e-01,5.719382281178764238e-01,5.676710994880627137e-01,5.661241105015587527e-01,3.917562863979173193e-01,4.822024958923593618e-01,5.030307083209398789e-01,2.860992490232204810e-01,3.842309028518155201e-02,4.603364942387732084e-01,5.720847038169133425e-01,3.749641741195866018e-01,3.454859303251671121e-01,8.318120610553191019e-02,5.167195269870942242e-01,5.561732636391103490e-01,1.730450279566147498e-01,3.285246720332524739e-01,3.661308498763858887e-01,3.274410503388130445e-01,2.369766835074861577e-01,2.686718086894814839e-01,3.074385145910558670e-01,2.388832238860647827e-01,4.573135824769924418e-01,2.715959182336342703e-01,4.080672269036735855e-01,3.769864195823293129e-01,3.127255742142913131e-01,3.141935727513812671e-01,1.484721420051965945e-01,2.087322312303728500e-01,3.084622559715144985e-01,3.379900229059477068e-01,2.158514356106332188e-01,1.724982323749817137e-01,1.185250030641217950e-01,2.832375563526352003e-01,1.397215313572351403e-01,4.788305062609592433e-01,4.548415804412563879e-01,1.674532164616984176e-01,3.637981484854287406e-01,3.214305278400830246e-01,3.871049987087427646e-01,3.700382355014261160e-01,1.112996879190578103e-01,4.256432447377516692e-01,3.840168663973287377e-01,3.774213007612513548e-01,5.408676092040657357e-01,3.620060411175396453e-01,4.933769753962566895e-01,4.291689620619770218e-01,4.722490669693929499e-01,2.613901981334387226e-01,3.297417430389348314e-01,5.475222908695550617e-01,5.271177048417744482e-01,1.530562892941223462e-02,1.648791649387489344e-01,3.341737687218688246e-01,4.135445202069621962e-01,1.268855594538633724e-01,3.885367790290781276e-01,2.213320660574321086e-01,5.270561102816926358e-01,5.718174322073107385e-01,4.691811741615981579e-01,1.141681097394340733e-01,3.368017866301729057e-01,3.736287578574651880e-01,4.784563814110386754e-02,1.083262699433180098e-01,9.079924144073618641e-02,2.663755560423988200e-01,2.266840260874453117e-02,2.924544421016714996e-02,1.748953001060079074e-02,5.888576551467176318e-02,5.508114753436350597e-01,5.673618018935336904e-01,1.668953815461565737e-01,4.695691522940643736e-01,5.404045587124070016e-01,1.014375102137048817e-01,9.993547806814095935e-02,1.832087583151311705e-01,5.728197257270241094e-01,5.721546833774843188e-01,5.271615991603388895e-01,5.320593719449691061e-01,5.083791233969805340e-02,5.340767999000269883e-01,3.456671094672154054e-01,4.526544728248044214e-01,5.631408472082237715e-01,5.586760080761712377e-01,2.951328273233680410e-01,5.386124209424401066e-01,3.693631352291133485e-01,5.302046363586234712e-01,2.566618342074416526e-01,4.572155752916533256e-02,4.520826323143428693e-01,4.243219188303203326e-01,1.580509774681910506e-01,3.884002211324423248e-01,5.026890234924481504e-01,4.988543229913759425e-01,3.947657236312573370e-01,1.121816866393210849e-01,5.265553415976931273e-01,5.436160102817879647e-01,4.925433565263218627e-01,5.018344380334335275e-01,5.839822241695716981e-02,1.017003388897374933e-01,4.495532862302310112e-02,8.957149957704453602e-02,7.214672684710059236e-02,4.126386026574630633e-02,5.427737710176948338e-02,6.323037274861321999e-02,2.775817230388748919e-02,9.650976297242469526e-02,1.882831699475812776e-02,2.409598637830045326e-02,1.609540267699484106e-01,1.802735728830899276e-01,2.107547543049334837e-01,1.095583277586398424e-01,3.159743243574444915e-02,2.769439318498857078e-02,5.567840987263579511e-02,2.160913759733280870e-02,8.764808287421611832e-02,5.112748193803023922e-02,8.789430742680223729e-03,6.863160560575295999e-02,8.046893652383906026e-02,5.705794292170434517e-02,2.295260740138498068e-02,2.111416998624665239e-02,1.904265761375573129e-01,8.735246941974235402e-02,1.224479784670762517e-01,1.881615897738563858e-01
2.050357044608615842e-01,2.180519576444521213e-01,2.513644884562649118e-01,2.922155967656513420e-01,1.138050740087540175e-01,0.000000000000000000e+00,7.836398818297940494e-02,2.006175418281619383e-01,7.161379419413133052e-02,2.805545865823846907e-01,3.180429535206867886e-01,2.691622087353083836e-01,2.182935602957560006e-01,3.429129805307974399e-01,4.020608744921381206e-01,3.349655767184167576e-01,3.031593998492424502e-01,2.686207796611705945e-01,3.020565530628130380e-01,1.532274087339014490e-01,3.122990062349358387e-01,4.366875194930934234e-01,1.371829287407629328e-01,4.401087397812475377e-01,4.174871500891055298e-01,2.210935882373451511e-01,3.570113631998131920e-01,3.756845971826427988e-01,1.187539709292289164e-01,1.804470557184436330e-01,3.324076163177389631e-01,2.301200991360459747e-01,2.886010285475244519e-01,3.721761199480613791e-01,3.303772764608408075e-01,3.784586884186771361e-01,3.799592988056405551e-01,2.180368993723776627e-01,3.733642844367380254e-01,4.381790526073306991e-01,2.129231872630059086e-01,1.856198798986692378e-01,3.955449363637572602e-01,4.050365822465136212e-01,4.092981610722683516e-01,3.124022132640094096e-01,4.413935562278698543e-01,4.266854654093623633e-01,2.651426574548293447e-01,3.315188669084602746e-01,4.618578518184787707e-02,4.766354948354876997e-02,5.965007291838232868e-03,3.063269395140344464e-02,3.279393698855138060e-03,9.984410912499634000e-03,3.442589194883875492e-01,4.186747660395855331e-01,4.269638222133133043e-01,4.362811612711227638e-01,3.554577201406085019e-01,4.383108628991956301e-01,4.306625362194211326e-01,3.355195114596161710e-01,4.375398147482708056e-01,1.012752571283916242e-01,5.735301782957466510e-02,4.392818545321229839e-01,4.381022448349033427e-01,4.374742568909065210e-01,4.317513560400703665e-01,3.779607785564171318e-01,4.272660926645282520e-01,4.111747152681705098e-01,4.416084862364718089e-01,4.304984296950984946e-01,4.256999527452905441e-01,4.198570263968304794e-01,4.336092565318098724e-01,8.018790826305816077e-02,1.900162109807845834e-01,2.914026680620437348e-01,6.533210433623364011e-02,1.318638644739985322e-01,4.385510084110319506e-01,4.412466041177586229e-01,4.328200469939811335e-01,4.318725260821515421e-01,3.905403142104616476e-01,4.406348659644311883e-01,4.413006936007939363e-01,2.804535253029293851e-01,3.946377057512256287e-02,4.391206147995699860e-01,4.407688055322226406e-01,3.387885517741999752e-01,3.297209948047660211e-01,7.947359780604373869e-02,4.339426070570462368e-01,4.225847883361820156e-01,2.204878270781757965e-01,3.810143799050212388e-01,3.832632209312313298e-01,3.443568256873391631e-01,3.217021192332239488e-01,2.308003367123753757e-01,2.763678387414595372e-01,2.178894186228320373e-01,3.287010643020545908e-01,2.399779327710249988e-01,3.533405292666824682e-01,3.263122307987483817e-01,3.202556932270762546e-01,3.080385853024065201e-01,1.509419298330947345e-01,2.136262436171324497e-01,3.201897667948307991e-01,3.337722085114873671e-01,2.204847765105356905e-01,1.749936569362027516e-01,1.257793124800208051e-01,2.911364961927668249e-01,1.405763836918188792e-01,4.295567474894560478e-01,4.371027057955804707e-01,1.643022874604151418e-01,3.595921304667532570e-01,3.219114265521860752e-01,3.834676230237115124e-01,3.706208599925328584e-01,1.429608556808006636e-01,3.672143399204595426e-01,3.106997500075434071e-01,3.915157149504831513e-01,4.289478056529310579e-01,3.677296332307790627e-01,4.412962128087683511e-01,4.259418817963200321e-01,3.762623781913890797e-01,2.768016976759354320e-01,3.421230990671982330e-01,4.400033386353188747e-01,4.316783792158284672e-01,1.561018083641572442e-02,1.622066408677871607e-01,3.363897116490345840e-01,4.081495912043955343e-01,1.371567228031112806e-01,3.882692912452470058e-01,2.261577836849832934e-01,4.368718000474786090e-01,4.385143949134146513e-01,4.293478365484752479e-01,1.163209231361447549e-01,3.379121285269756081e-01,3.704505979685109307e-01,5.342887210127270775e-02,1.243248180389243673e-01,9.369978461507666445e-02,2.740789860586628213e-01,3.470901747094519429e-02,3.037788316647480058e-02,2.380786550384559469e-02,6.569693342322882601e-02,4.265999887621108044e-01,4.384630877242858826e-01,1.788098160301039019e-01,4.187723392769414077e-01,4.218205487561382250e-01,1.000584690024877710e-01,1.024287813167815697e-01,1.826950821084009913e-01,4.397432330742639395e-01,4.396895112870405908e-01,4.249772541195216968e-01,4.196922183418796970e-01,6.187229168513565247e-02,4.290352377030892117e-01,3.477726283794483897e-01,4.340174117873598636e-01,4.175334181640336650e-01,4.201245832985804340e-01,2.933998612904135661e-01,4.164944888008544899e-01,3.718629903896278344e-01,4.281788396707879030e-01,2.555088203618438580e-01,4.430772883843554083e-02,4.150159674369811036e-01,4.227805440783738433e-01,1.757681878069632386e-01,4.001191449171525027e-01,4.325388385407001879e-01,3.863730986011454371e-01,3.800185608939111725e-01,1.437509561726427465e-01,4.349669182502036713e-01,4.311667496540261268e-01,3.884390453312780433e-01,4.062612202370486369e-01,6.397274383177381507e-02,9.873907862646921774e-02,5.004156508068827169e-02,9.246143589019661935e-02,7.289494482839332934e-02,3.860104979394805846e-02,5.604659703480293492e-02,6.754781724040108404e-02,2.682120102218598853e-02,9.562438434349254668e-02,1.917242065722686573e-02,2.412044068988264747e-02,1.624705156888899826e-01,1.833398093950970864e-01,2.056835837534083111e-01,1.111666050081285412e-01,3.258004416667743819e-02,2.051115529764557452e-02,5.780429135963843779e-02,2.306061823810222691e-02,8.720479784502012388e-02,5.036529730603615113e-02,7.952711803706187868e-03,6.605172217291219172e-02,7.531218961569134673e-02,5.920253933335065805e-02,2.234298696570646142e-02,2.266816450949616507e-02,1.887914984866200796e-01,8.474311254092167789e-02,1.185610606986338411e-01,1.887097126288761195e-01
1.980437524205175270e-01,2.200428253861269889e-01,2.201019139983722561e-01,1.859651909378531032e-01,7.135772899097975186e-02,7.836398818297939106e-02,0.000000000000000000e+00,1.616575866229209846e-01,5.718088344564791620e-02,1.568926208986728132e-01,1.590153578120306610e-01,1.923098525575444029e-01,2.192436868470022115e-01,2.411416000878260080e-01,2.378668721887551019e-01,2.453929542614886883e-01,2.476226917065570132e-01,2.505036598921326907e-01,2.409684975092356296e-01,1.522603579930399686e-01,2.423759577795369102e-01,2.457167767372967493e-01,1.309981127267930978e-01,2.424646504668546421e-01,2.379269190842492887e-01,2.156555509786184932e-01,2.341289981601434311e-01,2.254331916102867150e-01,1.129155976107129172e-01,1.778233443115026513e-01,2.008693611932376721e-01,1.150931828456353972e-01,1.323712927760582747e-01,2.146712959094708995e-01,2.456604988183837823e-01,2.413042247647041172e-01,2.393007469379975216e-01,2.206107193524586563e-01,2.382953709477857174e-01,2.443899707802773824e-01,2.075834100439022389e-01,1.833547719262372810e-01,2.410648411236433475e-01,2.156948841272297857e-01,2.405843412841053852e-01,2.503517202102309436e-01,2.492785250149616161e-01,2.476550366488843025e-01,2.487009714628032053e-01,2.436846760376280840e-01,4.425757667854373495e-02,4.706118059578427021e-02,4.722114989108580976e-03,2.662983905119821124e-02,3.589082712554220872e-03,7.697271766165322479e-03,2.307695450153041394e-01,2.219757201933530710e-01,2.378613662877439305e-01,2.437021251355014351e-01,2.376505346451054657e-01,2.453383485352500504e-01,2.459746420423275515e-01,2.335895154699698939e-01,2.488299709247703273e-01,9.930858389915099560e-02,5.990545141556714859e-02,2.495207016701792846e-01,2.486504725349266975e-01,2.473653280064128934e-01,2.438602275857432167e-01,1.902056572477660579e-01,2.312393665068442072e-01,2.431106183656724651e-01,2.490213199711742986e-01,2.385561758324689086e-01,2.344061922982990098e-01,2.423085233323363230e-01,2.420802853430629731e-01,7.926600351675303080e-02,1.994026369648748132e-01,2.432069214672925028e-01,7.045172968637565536e-02,1.340263832434502589e-01,2.489939186520544745e-01,2.465329440757914603e-01,2.486831472996559600e-01,2.484258107149424077e-01,2.487712926649744694e-01,2.490237167383175798e-01,2.482866475740572731e-01,2.472579912193513529e-01,3.996483691815239103e-02,2.498253455593600070e-01,2.483615985426335937e-01,1.418647050494974693e-01,1.770543396895438160e-01,5.396646395970099153e-02,2.501208545889138657e-01,2.433812966662851351e-01,1.758706064475312747e-01,2.406592265043737688e-01,2.441395671913938747e-01,2.493819988719050695e-01,1.831862011026112180e-01,1.604426799435113848e-01,1.617284659414165993e-01,1.538104574538642633e-01,1.732308736594164178e-01,1.685613906224448788e-01,1.777302363863139667e-01,1.925454852549173534e-01,2.450448776557503927e-01,2.281356500361123862e-01,1.454559134436207712e-01,2.148421744429695190e-01,2.486449437859406808e-01,2.424541937934099611e-01,2.194618597605016985e-01,1.744038024570308265e-01,1.258452950100465706e-01,2.429023063482060873e-01,1.383384818608091316e-01,2.431970066960941201e-01,2.482046836700236847e-01,1.578849354264992288e-01,2.397313245374875224e-01,2.420808733867621521e-01,2.369637483689979174e-01,2.321589046661360345e-01,1.448860669375263699e-01,1.952227508578302795e-01,1.352730504848022319e-01,1.887808017084613155e-01,2.441413883103641935e-01,2.054409956133285975e-01,2.509911293705998081e-01,2.403395598798753474e-01,1.908681347377272353e-01,2.497710170072184044e-01,2.448602106123218825e-01,2.481970811758204276e-01,2.475711106381515425e-01,1.033282717499673167e-02,1.607312138160086890e-01,2.479454218525486697e-01,2.351881940270164062e-01,1.366183577959977635e-01,2.162670771253257240e-01,2.250970297270768472e-01,2.493036445406590085e-01,2.449679530390569959e-01,2.431680693950068195e-01,1.173338355364628438e-01,2.494534465060513628e-01,2.409025966160743271e-01,5.818945976680406362e-02,1.282400092001795278e-01,1.041626103602195236e-01,2.427270203062795451e-01,3.297429094846874437e-02,3.087307497001666803e-02,2.235391410349752903e-02,7.077068633389101138e-02,2.353146101557471725e-01,2.472170102100010314e-01,1.754314775670218762e-01,2.270155026038995494e-01,2.283334714273093924e-01,9.780038929489912047e-02,1.056444150338993609e-01,1.801056877474458973e-01,2.488327960853737586e-01,2.490891226233626077e-01,2.380655768842101505e-01,2.303222163617093809e-01,6.428536865129848288e-02,2.415814835057716603e-01,2.495040159902097987e-01,2.406897206688849711e-01,2.096465514761119142e-01,2.155881973308110822e-01,2.487201420145823405e-01,2.382780225585696132e-01,2.139392199490273982e-01,2.303620896736585377e-01,2.424372816816631193e-01,4.334181380825869595e-02,2.378427821586724666e-01,2.490365419423420656e-01,1.809578764828566888e-01,2.336169327617563796e-01,2.470126826936786535e-01,1.851889238259086246e-01,1.556729286226054831e-01,9.408541424566529976e-02,2.474438233917929664e-01,2.495353358770452668e-01,2.127284772157221338e-01,2.339170140194703207e-01,5.456928081492257859e-02,8.992435744598764602e-02,4.821071285268283685e-02,9.119758010610871934e-02,6.632785918796785252e-02,4.390620814590128623e-02,6.202017746617265181e-02,6.527603328814304828e-02,2.545282511035187878e-02,9.624693593606790942e-02,1.893521481540554052e-02,2.317834374381357032e-02,1.625180401886804626e-01,1.776902783390158780e-01,2.128462248402497037e-01,1.122058555139956587e-01,2.771425699075247273e-02,2.356753051729533130e-02,5.647253589323816825e-02,2.334600035145616842e-02,7.520648497041601543e-02,4.773076727709304329e-02,4.715435241766484896e-03,6.594226218442064691e-02,8.004244902766392833e-02,5.824848456599884122e-02,2.160948522267603852e-02,2.311500489314191956e-02,1.890928776187207061e-01,8.747036220275315743e-02,1.213763198751616618e-01,1.886138392088399507e-01
2.346944662770682477e-01,2.122178828866782829e-01,2.801836691277017066e-01,2.939857766373049075e-01,2.951273888865433292e-01,2.006175418281619660e-01,1.616575866229209846e-01,0.000000000000000000e+00,5.274513006174914170e-02,6.665721262678070413e-02,2.227515753430849843e-01,2.109373655744624376e-01,2.211110476737558894e-01,3.540383494516316509e-01,3.449200064039683600e-01,3.335896306672842537e-01,2.989229396809552353e-01,2.685304829863018328e-01,3.019722870078612176e-01,1.512955650293737742e-01,3.124459292356425721e-01,3.558807297368590805e-01,1.359721806971560532e-01,3.517332443973359979e-01,3.459505188615711879e-01,2.177656727774849033e-01,3.539423704778023594e-01,3.450530834288226267e-01,1.152583700810444894e-01,2.315604861327909547e-01,3.311641613072466850e-01,3.312399826506605138e-01,3.374243208576402919e-01,3.528786525261495832e-01,3.348964526649699236e-01,3.554921998802703098e-01,3.465691996284803733e-01,2.212485249091448170e-01,3.502746260571513726e-01,3.547304516967735855e-01,2.092684502611080188e-01,1.819270603837167544e-01,3.556635622304011868e-01,3.192900518292750012e-01,3.362712974569813107e-01,3.105422715468136863e-01,3.551065232696816176e-01,3.518059843983085688e-01,2.610141280728938140e-01,3.235154461159609474e-01,4.817319600310124295e-02,5.376570796420963166e-02,5.369529163186533352e-03,3.131152284727629215e-02,5.274456850791611924e-03,8.616116279814633322e-03,3.455481580702285949e-01,3.543637106123672109e-01,3.562859568059057458e-01,3.546733803780937055e-01,3.534785097405181986e-01,3.559870332510653990e-01,3.544669544764995073e-01,3.544584043125579287e-01,3.564315416648896617e-01,1.049532914548319817e-01,6.270163951786565659e-02,3.570861242774580058e-01,3.572491990119616712e-01,3.572051228763565844e-01,3.565936196990907581e-01,2.859557862163555342e-01,3.256935206238579239e-01,3.513049659051414864e-01,3.560942828691844864e-01,3.558714446514961161e-01,3.525906091110595497e-01,3.531104229030342379e-01,3.539015786340355962e-01,8.448768980014366436e-02,1.997472394682840158e-01,2.916758869583396252e-01,7.254345945106722982e-02,1.436199016077805424e-01,3.555055406400437490e-01,3.571806843692667544e-01,3.519660436776813617e-01,3.562687119225482202e-01,3.573951597472372343e-01,3.563903282543484652e-01,3.575239023866795263e-01,2.874987046680129166e-01,4.139951950817293003e-02,3.558675141001848008e-01,3.570883918770278997e-01,3.262208368487052312e-01,2.701368284541564857e-01,1.334074505286673151e-01,3.542205857029973037e-01,3.448851720845462765e-01,2.679570841105601287e-01,3.453763567049137340e-01,3.515433753662817740e-01,3.462232839053607791e-01,3.174785801697221910e-01,2.677001389468296466e-01,1.868066335656679566e-01,1.804598836018916630e-01,1.354854925600773585e-01,1.836544017582092680e-01,2.311717106036147718e-01,2.707529861529426318e-01,3.217790114834617188e-01,3.073184177580948750e-01,1.517801512002866227e-01,2.178492741875651673e-01,3.211867772275932564e-01,3.357075362432996868e-01,2.251186931641022126e-01,1.746956928415147048e-01,1.222738153110932147e-01,2.981258488526066230e-01,1.361685601918155020e-01,3.518038020691474643e-01,3.581409777479155343e-01,1.637820309708744315e-01,3.510027353223822977e-01,3.164496501728126798e-01,3.500948793947984417e-01,3.447314337808157214e-01,1.658441829016180924e-01,3.203006939023325672e-01,3.289406683914148921e-01,3.409252891928361562e-01,3.569821178292236774e-01,3.548676041886315025e-01,3.573657413321227327e-01,3.581538539527912568e-01,3.074872759412489720e-01,2.785618114765640585e-01,3.446349039111489265e-01,3.522345669359691622e-01,3.488144693783280514e-01,1.444509091906265655e-02,1.607920556503312226e-01,3.269215789338263400e-01,3.399751961684172596e-01,1.392583694710229636e-01,3.218864809277672823e-01,2.192653865140291591e-01,3.498457477450648834e-01,3.514318690283116386e-01,3.503249240271505971e-01,1.153303726773329263e-01,3.335229743091374655e-01,3.448019020639212506e-01,5.907916806235793267e-02,1.340661736667551063e-01,1.105267094640949299e-01,2.848252735423296711e-01,3.616298869217211137e-02,3.182669831183409376e-02,2.549296934561295566e-02,7.397179540778443807e-02,3.534029942316501693e-01,3.570233770383171024e-01,1.839359665189778670e-01,3.514636462262700767e-01,3.546388579199379887e-01,9.600499233412759792e-02,1.107859687666531284e-01,1.863691155927417742e-01,3.573403002679959584e-01,3.562159671293025354e-01,3.445211843811055163e-01,3.493361626417239019e-01,6.609957702363705723e-02,3.539887183305612250e-01,3.469872481458916580e-01,3.538375735099915098e-01,3.232465846961020683e-01,3.431440997056058873e-01,2.906004149478254028e-01,3.438771260126559093e-01,3.478100656094574861e-01,3.464419928429508522e-01,2.579260807781266207e-01,4.333920567352744779e-02,3.470369126606466237e-01,3.562975496559097066e-01,1.836116658498873344e-01,3.526502507873395809e-01,3.539773318976946470e-01,3.311201719443503944e-01,2.943967957247261014e-01,2.058586759850520864e-01,3.515243769786307038e-01,3.511588097659018026e-01,3.232289545900969285e-01,3.273395472873067424e-01,7.718439038174761124e-02,1.164552025397142948e-01,4.997432424941863904e-02,1.017497237403155591e-01,7.876570001623295347e-02,5.264494717159450693e-02,6.307391044276655645e-02,7.765967094018856598e-02,2.543275131827479191e-02,9.487226391668177050e-02,1.923646504629497947e-02,2.559872939625918234e-02,1.627561161184135352e-01,1.822122495180882040e-01,2.102057401542525295e-01,1.115296318991197966e-01,3.790114364814603509e-02,2.937175918841360839e-02,5.987858948584814239e-02,2.357345093949931095e-02,8.498693842349119842e-02,5.052794254067436569e-02,8.703167677294126534e-03,6.813379317661781565e-02,8.337501233277787305e-02,5.994225472789183051e-02,2.413801958607178152e-02,2.389728600864180971e-02,1.908302097638850947e-01,8.401478190342193120e-02,1.238214820215649825e-01,1.879039533877790713e-01
1.125141128414923752e-01,1.011263221306527293e-01,9.204088736932561354e-02,1.111206908363955581e-01,9.393471542588927026e-02,7.161379419413133052e-02,5.718088344564791620e-02,5.274513006174914170e-02,0.000000000000000000e+00,2.431977968130036999e-02,1.648348267591461316e-02,4.736583579838842678e-02,1.021822180702798982e-01,1.162941900967881109e-01,9.529021549133957769e-02,1.096430523728794681e-01,1.123239617017489922e-01,1.151074873948449984e-01,1.041561961956880972e-01,1.092157140703066270e-01,1.114003905992168031e-01,1.145718739973896200e-01,1.093981727863438669e-01,1.090466027910877989e-01,1.081483550469253818e-01,1.084645536054666820e-01,1.100231155515449810e-01,1.066804806421873947e-01,1.105193330384580952e-01,1.084125423007323147e-01,1.111759527339531428e-01,1.016382922749577977e-01,1.001239943090279222e-01,1.134095601288308552e-01,1.173063015881767729e-01,1.158478942338907192e-01,1.135814981893830261e-01,1.102820800879013574e-01,1.148409695004991155e-01,1.130865973514068590e-01,1.065987036320849984e-01,1.130297378409828440e-01,1.134916035030515136e-01,7.659845463839641544e-02,1.059901562302159039e-01,1.151347218710321585e-01,1.166588001191877361e-01,1.116588206820896267e-01,1.102720976260672947e-01,1.022401834288088202e-01,5.221021759169765242e-02,5.447412848153110332e-02,3.227262749331287397e-03,3.182491223165200694e-02,4.231801036831162564e-03,6.074249519349263562e-03,1.094012563084444944e-01,1.104188032079023163e-01,1.160022946576536040e-01,1.140941972200395643e-01,1.139858708868165676e-01,1.126188125850068611e-01,1.128053077651899050e-01,1.111793339775752898e-01,1.149586980509534340e-01,1.036797682125097514e-01,6.275579109681109213e-02,1.148781162504713405e-01,1.159080668388274560e-01,1.148194117438958717e-01,1.119473508217540270e-01,4.457796514286792300e-02,8.435236140496153723e-02,1.069622376932791857e-01,1.151911980427817173e-01,1.139872486263715234e-01,9.896172656380572419e-02,1.064886491645898048e-01,1.035711430626182761e-01,7.852495097451128725e-02,1.130152099619710082e-01,1.072459018439161915e-01,7.501341780229649203e-02,1.145889239007126664e-01,1.166082678430609837e-01,1.149246119606985722e-01,1.132417822307402872e-01,1.154423504172135545e-01,1.148846967521118256e-01,1.139989092110541141e-01,1.127217660031111235e-01,1.138073981280784269e-01,4.296724398892192570e-02,1.157688499911417590e-01,1.153907630827463587e-01,7.704292121833379581e-02,2.164841074180725786e-02,7.234898916328605378e-02,1.162357653690631876e-01,1.111456838926166146e-01,1.056598218720688626e-01,1.159181149723091525e-01,1.141734489260747970e-01,1.119139776205898412e-01,9.877841204580480039e-02,8.640578743800771122e-02,4.806052053646417410e-02,1.630749398797433705e-02,3.701881319857474456e-02,1.940425509716169408e-02,2.148156184355913892e-02,5.303348653253556200e-02,1.160602175048904700e-01,9.461649962422515048e-02,1.014617559699592941e-01,1.096262806067059281e-01,1.144569240794614667e-01,1.053185068419382753e-01,1.054485613371350938e-01,1.155645054282671419e-01,1.125542481859890254e-01,1.135762571253357001e-01,1.080157393350584527e-01,1.138304858380065621e-01,1.154315251318001750e-01,1.081161618406243502e-01,1.103490608075653745e-01,1.130360057460510353e-01,1.096159556348585556e-01,1.088447918075910875e-01,1.138446009341682746e-01,9.074107375549798904e-02,8.349318010186107530e-02,9.350796892693050144e-02,1.152627039066154435e-01,1.150371210159784191e-01,1.157777147035851245e-01,1.154152906940066614e-01,7.657388297105012509e-02,1.147705139781997480e-01,1.161203128878582208e-01,1.141991114548858710e-01,1.149720243543533443e-01,8.675142892499035016e-03,1.149864042017147148e-01,1.128911259092596764e-01,1.002764947282005631e-01,9.182370895058272753e-02,7.762805258629376648e-02,1.130260928283061406e-01,1.135292755295320005e-01,1.101926155416306091e-01,1.110163442847349191e-01,1.147673755784672650e-01,1.128508267855136693e-01,1.001370284248756237e-01,6.097786736276921554e-02,1.060755489868361739e-01,1.101875307799845549e-01,1.123781838836433039e-01,3.872306122534709127e-02,3.377949107883561342e-02,2.650453101024450100e-02,8.060623401418438860e-02,1.083034025049390975e-01,1.156010284054160564e-01,1.142996987205771448e-01,1.041443660664345822e-01,1.081585116209867192e-01,9.895379379980813461e-02,1.129645324626001868e-01,1.137971938186394250e-01,1.140521388179844831e-01,1.150217600440185811e-01,1.086067721351423737e-01,1.065028401618662302e-01,6.781733164413568382e-02,1.075979287731790163e-01,1.156959711865190449e-01,1.123476221074402731e-01,6.135111515028380397e-02,7.306413010875976999e-02,1.086123493082950670e-01,1.056930660281436007e-01,8.967686145521373831e-02,8.672044888986586708e-02,1.059656595227984055e-01,4.147447512686183030e-02,1.124584610739109425e-01,1.164971348494023701e-01,1.154319345010093034e-01,1.118812070485625809e-01,1.146053899434942153e-01,7.530016096638501855e-02,2.177258915145961066e-02,6.270651343983391079e-02,1.136453476894574016e-01,1.182069994539404478e-01,9.402595768202315352e-02,1.037990996074628636e-01,7.266224836410488386e-02,9.273455044021954030e-02,5.223690025226652295e-02,9.843371020475455424e-02,7.551267026258177972e-02,5.390997208777031924e-02,6.211811061203426076e-02,6.688414085727159564e-02,1.934293133639167217e-02,9.261798689779539295e-02,1.935348633978899863e-02,2.580922053220099238e-02,1.121799338260568851e-01,1.074940618893460431e-01,1.066115448484243611e-01,1.111778642302978376e-01,3.521210295188339362e-02,2.004237776007669267e-02,6.012045344043161904e-02,2.298452171783170461e-02,7.499232497392840924e-02,5.005780731909888204e-02,5.449517080458761258e-03,7.177380045636060080e-02,7.953838025038834081e-02,5.829754124736589993e-02,2.501225492450592086e-02,2.404611111818327415e-02,1.098774661397934477e-01,9.032389700689236189e-02,1.108560697473165990e-01,1.127290738714746138e-01
2.430218780951113600e-01,2.085348908742454266e-01,2.571955683992907526e-01,3.582450522971350471e-01,3.509954269788184700e-01,2.805545865823846907e-01,1.568926208986728132e-01,6.665721262678071801e-02,2.431977968130036999e-02,0.000000000000000000e+00,1.091253486539578016e-01,2.057797451305552472e-01,2.136421219250767833e-01,3.497410331888822776e-01,3.749218068884992427e-01,3.278095904427864027e-01,2.999242475993874057e-01,2.670064520201460567e-01,2.995029819720407271e-01,1.517262862153020142e-01,3.070189878553785112e-01,4.116753336048508127e-01,1.306005503722565408e-01,3.992905354337309975e-01,3.959467211298784983e-01,2.084134976038133635e-01,3.605756081363115650e-01,3.728855814403137514e-01,1.167020201746177266e-01,2.323524892934999420e-01,3.854248040794618357e-01,3.807250911328502463e-01,3.941032576797806608e-01,4.050481898824822569e-01,3.317090526365021885e-01,3.906676740725073538e-01,3.853371896306103661e-01,2.229847707125562351e-01,3.856451902706827806e-01,4.053747145039413580e-01,1.994261481315864892e-01,1.773119510673370480e-01,3.888200913991822216e-01,3.589805160426514097e-01,3.801887919278070793e-01,3.084990034088540001e-01,4.083327471937130415e-01,4.066321917317700652e-01,2.543140229806102881e-01,3.195610516605804086e-01,4.711568161062170551e-02,5.371213414920715523e-02,6.207169291850546562e-03,2.978220269576461326e-02,3.803005812812710294e-03,7.771372768784506890e-03,3.456983066759012346e-01,4.066932988533861759e-01,4.095546188866152626e-01,4.033949652617425108e-01,3.592197706893677789e-01,4.040332293506853634e-01,4.087789368450229777e-01,3.473273990364738051e-01,4.135854658596123112e-01,1.016724728348128298e-01,6.293389223722788139e-02,4.144167728506142345e-01,4.140025926739515083e-01,4.146487926294253334e-01,4.128202635554809596e-01,2.933657379153302158e-01,3.745820084995860610e-01,4.028651575292986342e-01,4.126895426136550915e-01,4.121494687815419056e-01,3.978271163543550815e-01,4.064594138672038004e-01,4.047252878437389567e-01,8.385440579592177979e-02,2.029893696205143372e-01,2.942276643380646317e-01,7.323681200076670450e-02,1.437742250189163185e-01,4.129198173146608197e-01,4.137710021613094646e-01,4.104866779655166331e-01,4.134684975497842641e-01,3.927548637096522910e-01,4.120187559037046254e-01,4.137725784660263861e-01,2.826258449997160471e-01,4.343847566517201886e-02,4.133421744726540337e-01,4.133465107693527485e-01,3.698894847227902627e-01,2.272222733519945193e-01,1.151016508402359223e-01,4.102009725453217848e-01,4.022818398177115951e-01,2.654656582219607763e-01,4.011145830924299771e-01,3.904224005180190749e-01,3.472973540984112262e-01,3.659301752617793446e-01,3.185594503973208647e-01,1.972882861600164239e-01,1.225813829635881841e-01,1.130114839296659096e-01,8.890506846812529229e-02,1.830824535015976862e-01,2.691830396509518053e-01,3.200897136793869335e-01,2.849494081839832327e-01,1.411073405445502360e-01,2.184420785993532732e-01,3.209727809197413517e-01,3.333127981442011722e-01,2.202747298617847294e-01,1.729307909178529334e-01,1.228155958830599304e-01,2.938002928701557437e-01,1.356182452071771349e-01,4.045423842987028729e-01,4.147899087026584164e-01,1.559273464963306099e-01,3.483660623829971104e-01,3.120043856281504158e-01,3.765666926710061202e-01,3.723585827843950979e-01,1.638297433457011065e-01,3.539660079325513964e-01,3.689480107884218207e-01,3.914528202250274203e-01,4.074579896200374307e-01,4.041878725271260686e-01,4.095117415408279782e-01,4.105830262416784726e-01,3.454724250355260540e-01,2.778191560416279349e-01,3.399125924906346019e-01,4.040034745536868477e-01,4.031476505667799803e-01,1.034972934783260669e-02,1.556205580643514608e-01,3.216286576367049510e-01,3.760729362306673429e-01,1.278998547020352705e-01,3.548840094639378884e-01,2.158536892553045150e-01,3.984228544266052441e-01,4.029344650712118336e-01,4.032818465234198069e-01,1.163169015886404423e-01,3.242680926975449740e-01,3.553462962949577308e-01,6.052822827238133613e-02,1.296540707332011766e-01,1.092762855473116967e-01,2.824229480788890134e-01,3.639168185058354321e-02,3.005923925764414362e-02,2.454584523407028415e-02,7.075864465258520364e-02,4.042133804728057500e-01,4.112279004971410856e-01,1.791182804851928489e-01,3.885865201975564065e-01,4.005479936090373116e-01,9.421517160201256513e-02,1.124658172960534552e-01,1.843622616068949505e-01,4.135827531759129760e-01,4.147550544643116566e-01,4.004266320164899251e-01,3.986703337061284214e-01,6.791214792806792022e-02,4.058476044466486354e-01,3.467063620258016288e-01,4.106077968968060432e-01,3.548224621664762823e-01,3.803711340271034858e-01,2.844336746059606957e-01,3.954804729357854209e-01,3.720099365589611962e-01,3.873351301366105282e-01,2.547123077601552987e-01,4.242948698911181565e-02,4.025700897086557650e-01,4.142654805837011067e-01,1.817705204598075164e-01,4.080962795897828954e-01,4.089659093677516233e-01,3.678198253747809732e-01,3.034402460424933112e-01,1.936152805803770527e-01,4.075532126539125333e-01,4.054359507855301303e-01,3.610426626804315586e-01,3.707574649170156667e-01,7.299998649228149616e-02,1.071953582073405242e-01,5.053903800839766591e-02,9.900832905739627432e-02,6.350069032796572255e-02,4.214220459757506143e-02,5.114673033298250404e-02,6.264826147875179885e-02,2.313934449921599065e-02,9.226668661946842154e-02,1.822075136083014732e-02,2.325129117169992543e-02,1.564348468336934361e-01,1.748771981825470445e-01,2.007593261561396725e-01,1.052025112019979863e-01,3.478129760020047534e-02,2.440635393205547662e-02,5.896363354133583173e-02,2.331034398687167539e-02,7.567297033232986414e-02,4.754176853045758572e-02,5.611156910287575308e-03,6.306190786519516589e-02,7.971008327651800396e-02,5.775433118561179580e-02,2.168061609497502762e-02,2.178569344802483779e-02,1.836373989963965281e-01,8.330004036571136972e-02,1.147182041643312056e-01,1.844964911422357356e-01
2.637294071135770079e-01,2.171568377635726410e-01,2.435677594754593056e-01,3.917421633426738103e-01,3.704131531350607909e-01,3.180429535206867886e-01,1.590153578120306610e-01,2.227515753430850121e-01,1.648348267591461663e-02,1.091253486539577877e-01,0.000000000000000000e+00,2.090312999352257339e-01,2.087669781086110010e-01,3.566805728264113018e-01,3.646503479124051927e-01,3.276022682866088775e-01,2.977296932675668750e-01,2.686680710588447152e-01,2.945839408910332913e-01,1.451272398589933121e-01,3.047814213489870583e-01,3.988739498601471256e-01,1.255174787998175057e-01,3.730346325939959407e-01,3.911127302213719403e-01,2.117078594071958586e-01,3.536097457724220461e-01,3.510038236891854790e-01,1.177022193722382926e-01,2.484549644309356209e-01,3.959481714039539968e-01,3.843113827032767493e-01,3.881949781396445975e-01,4.012062516028038206e-01,3.351672956180282714e-01,3.963005813369323560e-01,3.963030209767962053e-01,2.262228641430326370e-01,3.940028747451490010e-01,3.955373568286073005e-01,1.935959650045555591e-01,1.717517502155974929e-01,3.906791479573574200e-01,3.040150106158542309e-01,3.617874382246251685e-01,3.106481458500960913e-01,3.988956012870547574e-01,3.847704456792093164e-01,2.468256471154138820e-01,3.009239533352261464e-01,4.447229954553905129e-02,5.429266433101451184e-02,5.352038360881632671e-03,2.838213320190398348e-02,4.108322949684087635e-03,6.248056407372707712e-03,3.446898827825810030e-01,3.903777428926565873e-01,4.020494275888030211e-01,3.892819703034770540e-01,3.636935005185006342e-01,3.857824700817489294e-01,3.967508401333029733e-01,3.498180113967444549e-01,4.016949507440900069e-01,1.018168542760001516e-01,6.298642353331025678e-02,4.041448116185794026e-01,4.009651344099976478e-01,4.021067509595439016e-01,3.972884202913179452e-01,1.674627466047272084e-01,3.247556710686001491e-01,3.666735665315273285e-01,4.019047634948379466e-01,3.985404841412746313e-01,3.611230774875904270e-01,3.699017458042426765e-01,3.695201969480099713e-01,8.157236725369161612e-02,2.024270010793282060e-01,2.866713627422511901e-01,7.426529113587494735e-02,1.429528189090463197e-01,4.014000608820617044e-01,4.021523518591661461e-01,3.980772728941047167e-01,4.006954796415916897e-01,3.932457130815760760e-01,3.943359080303588948e-01,4.005101005367528999e-01,2.863776340886967087e-01,4.365619573371518070e-02,4.023465313082961181e-01,4.015180860562447274e-01,3.316060460453257308e-01,1.601734400047545859e-01,1.023803638881032457e-01,4.029784851949600455e-01,3.963723112758913425e-01,2.961680848659075105e-01,3.993108386345844973e-01,3.948478982149883354e-01,3.438710389788190436e-01,3.712426693429221602e-01,3.449098509097570653e-01,1.996419199670953493e-01,7.841878586491769776e-02,1.824223068477128784e-01,4.432567083083985282e-02,2.548841149027757796e-02,2.313138508906874002e-01,3.227810818934606085e-01,2.847221014577159259e-01,1.432115958304950032e-01,2.156201726762143056e-01,3.204350368338995669e-01,3.335474508949853312e-01,2.234059611400705803e-01,1.729546913051722423e-01,1.210149734889033463e-01,2.948790925969235754e-01,1.328700862842217278e-01,3.953370469965064027e-01,4.021384064556211002e-01,1.509418023198488279e-01,3.471819378968288849e-01,3.059968580986244246e-01,3.774560747583324827e-01,3.691299242088586507e-01,1.669323680545478084e-01,3.475749213707740037e-01,3.502009860351338322e-01,3.595898159469915201e-01,3.980148725319974656e-01,3.999336984722280386e-01,4.020091421240544194e-01,4.019890054678949554e-01,3.253528819132198158e-01,2.794401479765243890e-01,3.469384111101083690e-01,3.993845238996216462e-01,3.960207609570776111e-01,1.353605184329837764e-02,1.510598072273482140e-01,3.153320624839382469e-01,3.463601801712866135e-01,1.286682431211786104e-01,3.052679917220624262e-01,2.176097792467695524e-01,3.893661241677464635e-01,3.831639124703399291e-01,3.857616078534599202e-01,1.109548082695616944e-01,3.232280598049241949e-01,3.396154772079504891e-01,6.096877227584519832e-02,1.326452983830621046e-01,1.085403927031836496e-01,2.803073650619762325e-01,3.527364288236810308e-02,3.296381800587506322e-02,2.333538867612306583e-02,7.511358434312680188e-02,3.855869735472109427e-01,3.993408913247374348e-01,1.792932652962307971e-01,3.826911594565762798e-01,3.824453561157312165e-01,8.727811283488656757e-02,1.126271300111588713e-01,1.843579293882257608e-01,4.010963076756008383e-01,4.004958953428835455e-01,3.854868157623531633e-01,3.877429662627181473e-01,6.726411392394060496e-02,3.811644457823112897e-01,3.484945636844293260e-01,3.965573846777015743e-01,2.640383853457309860e-01,3.210459760608446178e-01,2.616354017896773132e-01,3.761591142798188514e-01,3.528971127887023940e-01,3.413278721342729027e-01,2.488532428733781499e-01,4.111620038246598802e-02,3.935116589469286330e-01,4.035214804252607590e-01,1.865016727522371409e-01,3.973085270779383449e-01,4.010343711029704106e-01,3.394148912670735263e-01,2.120660936048181511e-01,1.846498682905432787e-01,3.987681062054685976e-01,4.002349389030018245e-01,3.603694581844407163e-01,3.773352602792879873e-01,7.176816253385452649e-02,9.478460274760178161e-02,5.103685686109174502e-02,9.657516298264677557e-02,6.072772585612085799e-02,4.298907112073447473e-02,4.838270803694357663e-02,6.191416763048108313e-02,2.168662038617241022e-02,8.942148806260637184e-02,1.788122248201120743e-02,2.172035925746232388e-02,1.571333369051870765e-01,1.676194140448439840e-01,2.033360798119245583e-01,1.069818354072909899e-01,3.017447887209442903e-02,2.261688054203617182e-02,5.726750827755505008e-02,2.375002133759529510e-02,7.059871780324272761e-02,4.163044271676055730e-02,4.448686996713628605e-03,5.712719397955582507e-02,7.853354805747207734e-02,5.784024316900068102e-02,2.148872711574892000e-02,2.177429014728580331e-02,1.846380104542909018e-01,8.526732279503748679e-02,1.131548733302210064e-01,1.829498791068949748e-01
2.509018624695473765e-01,2.267370440647112073e-01,2.758271798594366664e-01,4.249423679084387562e-01,4.233712957716352365e-01,2.691622087353083836e-01,1.923098525575444029e-01,2.109373655744624376e-01,4.736583579838842678e-02,2.057797451305552472e-01,2.090312999352257339e-01,0.000000000000000000e+00,2.231553130825268683e-01,3.592633298448938972e-01,3.943129057598948606e-01,3.357072967190263268e-01,2.998960104738311316e-01,2.680387605555913932e-01,2.996562118276541176e-01,1.534837953203006533e-01,3.096247923770703570e-01,4.756454200535162880e-01,1.357407256842356469e-01,4.354760536188394537e-01,4.280058794342885276e-01,2.180237404632548170e-01,3.658988717762015619e-01,3.880877314244711718e-01,1.035625009042416000e-01,2.344909842585145010e-01,4.447328697035216050e-01,4.695150932410116495e-01,4.685942520130747524e-01,4.798971862995985438e-01,3.319030740228006704e-01,3.960881826569856989e-01,3.949476539583844925e-01,2.250726280005122815e-01,3.939300802715805516e-01,4.744692316372989827e-01,2.096525197916806471e-01,1.820929897915200824e-01,4.002052879508418703e-01,3.799631980691283162e-01,3.976267397595610320e-01,3.108823951151536980e-01,4.786050660622687136e-01,4.264648515092308578e-01,2.587897600449030056e-01,3.157549426673096349e-01,4.685697458776169610e-02,4.937364064796424118e-02,5.961687772027835994e-03,3.063617111488116038e-02,5.642044401781950297e-03,9.862272593801216583e-03,3.520107879898035641e-01,4.822950003172795097e-01,4.663976209518463922e-01,4.804291775571770118e-01,3.677593521853922409e-01,4.798407438541519854e-01,4.786081026549158790e-01,3.579794925711977105e-01,4.792645543039407152e-01,1.075094801946326062e-01,6.440733997536450539e-02,4.801882771075165479e-01,4.796784953410452301e-01,4.471211744452998071e-01,4.759649155103645723e-01,3.374194559645241620e-01,3.978702818076321757e-01,4.010056303946531453e-01,4.787773607856276592e-01,4.751078530471408712e-01,4.595461203672732142e-01,4.191312557039851838e-01,4.741768580431901525e-01,8.573065139567734305e-02,2.000936853198242715e-01,2.903757644581063113e-01,7.384278333457308663e-02,1.451765953014843846e-01,4.682261382622366352e-01,4.796846572202881909e-01,4.772851770785168646e-01,4.790494926468657488e-01,3.920978723821726408e-01,4.797730191924018395e-01,4.761524781854081789e-01,2.883065357789508232e-01,4.131336253017303672e-02,4.609709089300399465e-01,4.799825279930646782e-01,4.618956387345635739e-01,2.760839656783420915e-01,1.301654749970497515e-01,4.784589126061809528e-01,4.727842855671487432e-01,2.776507040923920644e-01,3.974396884978291244e-01,3.873908746708286666e-01,3.463969942039339944e-01,4.219365686373584556e-01,3.350569623841425093e-01,2.912715580026066231e-01,1.868314014734182571e-01,3.006098528954031512e-01,1.807041875379369333e-01,2.477814078271842746e-01,2.203009516193107920e-01,3.230292154048581277e-01,3.158459986779624806e-01,1.552553254439045793e-01,2.236972931123929476e-01,3.210440449256355966e-01,3.411052688362395946e-01,2.253057239779406584e-01,1.720771854356775432e-01,1.218736218769795598e-01,2.966060316793978080e-01,1.406122667627093814e-01,4.737972001291295143e-01,4.560369160577968928e-01,1.660215147178130679e-01,3.603974545263861073e-01,3.161271079269011297e-01,3.886783077341124382e-01,3.848950681658003803e-01,1.676974563026724929e-01,4.415308822028776170e-01,4.606578216294865413e-01,4.543826161992249313e-01,4.800990634311887439e-01,4.812676285008721799e-01,4.785805876547251092e-01,4.793437757564199542e-01,4.152180481292924163e-01,2.765682846335707490e-01,3.483171425393837284e-01,4.721627801253522327e-01,4.765501187004159145e-01,1.547221114108609900e-02,1.596576209638666810e-01,3.272847305679719709e-01,3.916645343629053810e-01,1.365499156764716226e-01,3.474423133423866772e-01,2.147019873096824849e-01,4.722287801139107288e-01,4.724955828784018763e-01,4.712673637082450129e-01,1.150278681465931596e-01,3.303775661567679434e-01,3.582075037121801309e-01,5.487002046522057586e-02,1.333113073966071260e-01,1.089707703768585390e-01,2.754873621407840090e-01,3.644103091684423867e-02,3.270088375334504610e-02,2.613419902191528241e-02,7.247039546686599720e-02,4.792201805130436032e-01,4.807903927648536357e-01,1.909624555355424469e-01,4.778307170491664091e-01,4.770608234288210570e-01,9.804224616055298713e-02,1.119022274242980064e-01,1.864177264733385964e-01,4.785343310427714325e-01,4.799745269236525558e-01,4.706607039421046856e-01,4.715977450370967827e-01,6.729069825518037284e-02,4.721410942787234721e-01,3.487267784429766149e-01,4.593191015062125238e-01,4.204862137686427026e-01,4.525176397982381138e-01,2.794096226008355166e-01,4.594272104543964952e-01,3.865524952331895747e-01,4.595968659909419607e-01,2.562553202919538586e-01,4.334236620624729724e-02,4.665605570490581888e-01,4.331696507179305655e-01,1.829139799008448197e-01,4.234448460276554194e-01,4.762305195766479149e-01,4.456048678873093527e-01,3.409503697499574604e-01,2.115805259752935874e-01,4.725446970381030898e-01,4.743104611449188712e-01,4.429691715464618706e-01,4.371359674138122209e-01,7.884312770212409394e-02,1.094705798214006542e-01,5.261224004585138975e-02,1.035566100125177025e-01,7.095444099100500779e-02,4.730497581403566437e-02,6.542170216153964102e-02,7.955896135458105645e-02,2.363078093644099473e-02,9.489180321167590970e-02,1.875104311702079779e-02,2.484998530669767572e-02,1.657060002603959747e-01,1.822168281665465239e-01,2.118015506549219829e-01,1.117103113737110825e-01,3.980329967667678437e-02,3.161690749102863407e-02,5.875235493160929634e-02,2.259375202478488762e-02,7.815403499380350893e-02,5.852955102487119449e-02,7.828451581469251380e-03,7.089235401762905564e-02,8.252658647120450497e-02,5.811095649125455620e-02,2.475924031998794420e-02,2.357807813553389545e-02,1.906006473065162965e-01,9.024019045059733513e-02,1.233154146808129042e-01,1.866381664314425981e-01
2.113901266353135910e-01,2.153243307303376597e-01,2.073120663322451929e-01,2.196722789232946615e-01,2.202802865687841505e-01,2.182935602957560284e-01,2.192436868470022115e-01,2.211110476737558894e-01,1.021822180702798982e-01,2.136421219250767833e-01,2.087669781086110010e-01,2.231553130825268683e-01,0.000000000000000000e+00,1.795104694925434285e-01,1.458639119904500958e-01,1.447886614999092658e-01,1.435583245772522054e-01,1.718826121835970444e-01,1.384006762472377583e-01,9.743086532570784108e-02,1.718079594732913051e-01,1.911880976138727317e-01,7.534621594556292767e-02,1.387042796445554504e-01,1.772979152213405574e-01,1.479896284105313431e-01,1.823558280147342670e-01,1.393028125084927460e-01,1.167418192332913274e-01,2.230123558174723630e-01,2.198574706242105992e-01,2.249234253527739313e-01,2.229333532613359536e-01,2.158902870676503993e-01,2.064777315678086034e-01,2.011876183403532858e-01,1.882465888348632821e-01,1.956771128904471191e-01,1.899211935765630632e-01,1.956650685675967172e-01,1.613355655139187550e-01,1.514124029499044899e-01,1.767894582301352269e-01,1.683403707094984769e-01,9.597373644557902206e-02,1.368725736780088964e-01,1.891669388096192395e-01,2.049131787645997460e-01,2.008269418016420393e-01,1.829884985048555734e-01,4.072432922412285577e-02,5.111546277748508366e-02,5.683322370425312152e-03,2.952278279141343220e-02,6.475453157791184571e-03,5.281944147704285657e-03,2.164621550956476181e-01,2.266149620014173693e-01,2.250065375410565949e-01,2.181436890039968046e-01,2.109896772880142102e-01,2.144577011314144632e-01,2.197920916226242527e-01,2.235093006684236439e-01,2.094604982544237826e-01,9.035970733274376054e-02,6.041371971599599627e-02,2.288134996114287167e-01,2.232081309677700631e-01,2.311491421853141826e-01,2.213201355261230630e-01,2.103419226984997725e-01,2.217683069654738381e-01,2.087975638959470859e-01,2.309936387465814367e-01,2.272385021831782037e-01,2.234779150526046143e-01,2.140521762541684747e-01,2.202206873085582883e-01,7.758959576532642455e-02,1.909658875091241048e-01,1.949930014062074557e-01,6.484701656246988355e-02,1.378274375693420706e-01,2.123304323915009284e-01,2.123030120227101247e-01,2.198302184668051162e-01,1.975304028625925745e-01,2.190852532243835749e-01,2.114931873270936014e-01,1.922754393530254347e-01,1.939061748643848837e-01,3.886284274142360468e-02,1.947224494361322888e-01,1.932454738888481349e-01,2.220276114231694020e-01,2.189970551399855470e-01,1.409404668201041100e-01,2.057325495934470561e-01,2.128101790006342309e-01,2.250833035270694282e-01,2.210306084662729542e-01,2.175202628007911476e-01,2.244688426312079765e-01,2.110118921410998327e-01,2.177182951758007134e-01,2.185625713574517182e-01,2.168683764380024692e-01,2.168795623033931419e-01,2.145568062714073299e-01,2.127389835159274878e-01,2.095036587563454400e-01,1.827730122001752222e-01,1.633365602756897406e-01,5.515536496170968250e-02,1.934896985116745516e-01,2.009075192240356855e-01,1.788520520837945382e-01,1.612512810055480306e-01,1.392909846741458846e-01,7.441936844179808386e-02,1.685478837299186072e-01,9.421881481173184636e-02,1.754314068885822198e-01,2.058417123212714916e-01,8.969463700479393675e-02,1.354986673911008355e-01,1.644273853775085059e-01,1.574307934669544884e-01,1.851449820052419870e-01,1.561142790150241433e-01,2.100349122241806643e-01,2.284880854439793607e-01,2.302847337438476139e-01,2.178344160314699407e-01,2.320615891895632388e-01,1.870333745689348737e-01,2.165571550203006235e-01,2.073836727524669132e-01,1.947224999499106990e-01,1.852357686390797564e-01,1.739021345823069387e-01,2.102867189039925866e-01,6.734780388429313126e-03,1.113704317829868340e-01,1.574607359105252846e-01,1.226053734200272249e-01,9.673315145097208245e-02,1.877486308660987480e-01,1.822269969084011065e-01,2.132995583935779205e-01,2.224793153819833447e-01,2.253730321261152580e-01,1.121593609835694616e-01,2.021882581854011762e-01,2.096770743157981287e-01,5.917111787628532432e-02,1.270685087827203297e-01,1.109328543475373158e-01,2.232806347485715992e-01,3.223640635149654238e-02,3.120751598523506185e-02,2.655544094407251768e-02,8.228061923849183668e-02,2.322600929919302337e-01,2.185579635172859303e-01,1.834820002975291187e-01,2.136120035808082573e-01,2.303081691366467842e-01,8.249151208097059429e-02,1.094021494404568556e-01,1.858051752774568244e-01,2.326575083877375494e-01,2.318401933350591193e-01,2.294343094171598374e-01,2.289708883715566301e-01,6.633584938949006748e-02,2.303719574009726045e-01,2.177583888549355362e-01,2.300217320992337666e-01,2.217853210410602183e-01,2.276962786613575540e-01,2.126360673113668054e-01,2.279591288910437774e-01,2.287595673433582832e-01,2.220636950283748356e-01,2.151096676266407159e-01,3.528361788721459669e-02,2.208246591722429486e-01,2.288081550568456524e-01,1.794942464273617255e-01,2.235303418608643455e-01,2.141113455395091125e-01,2.286976565337759115e-01,2.195745547105829309e-01,2.214126966362569560e-01,2.137516015704368499e-01,2.192190177286903741e-01,2.275148211711507384e-01,2.187278936121531958e-01,7.583893936948621350e-02,1.149060736459414783e-01,4.915881130304110974e-02,9.891067268282491276e-02,7.953678307708268724e-02,4.591871856128478674e-02,4.132891807399559359e-02,6.321088016903393669e-02,1.747772660798694797e-02,8.217746055495192548e-02,1.762197412455802220e-02,1.811412035946352236e-02,1.365326544519531726e-01,1.576147641329422311e-01,1.770859729963732421e-01,9.955440512008527365e-02,3.426382116183036147e-02,3.658525245339544485e-02,5.456689261276356784e-02,1.871240554239480755e-02,7.242873882907573113e-02,2.659539503038202066e-02,3.275659622352747671e-03,3.907958378036923558e-02,7.008227322709634222e-02,5.207477733962771749e-02,1.793881003068899943e-02,2.151860637409208632e-02,1.493591601705987204e-01,6.355128880748556197e-02,1.033189159095467408e-01,1.451871494286274822e-01
2.651923323615864025e-01,2.278487635395571864e-01,2.722582064119311585e-01,3.444692053840937018e-01,3.273059239562768341e-01,3.429129805307973844e-01,2.411416000878259525e-01,3.540383494516316509e-01,1.162941900967881109e-01,3.497410331888822776e-01,3.566805728264113018e-01,3.592633298448939527e-01,1.795104694925434285e-01,0.000000000000000000e+00,2.162352045119949329e-01,2.360539142360468245e-01,1.792375858209857287e-01,1.807922597352128180e-01,2.103831599257937335e-01,1.187827155040970944e-01,2.961914945978541547e-01,3.306870287188800051e-01,1.111013318083602930e-01,3.317494725961738777e-01,3.189806984276140067e-01,1.951832839666228503e-01,2.986015961774117766e-01,2.965509205484095356e-01,1.162408755119568038e-01,2.474722528800058496e-01,2.966888031276537774e-01,3.311245680930743340e-01,3.434013084214453948e-01,2.933856432599268871e-01,2.374591680246256886e-01,2.123833986831755172e-01,2.940262991148914207e-01,1.823801575030355726e-01,2.772216217370312430e-01,3.285061100582546412e-01,2.048891076893896990e-01,1.805920036756703539e-01,3.497945776431419240e-01,3.484840359056038395e-01,3.350011163588947904e-01,2.746502580487855671e-01,3.460595801991534493e-01,3.551406700766396307e-01,2.623540571593071524e-01,3.336803780603781466e-01,5.114176749734436478e-02,5.420238189551175589e-02,6.023480068794721982e-03,3.269412618843853952e-02,5.927802475457330869e-03,1.069700334091335144e-02,3.434147463205997619e-01,3.595441764653515282e-01,3.311392247515755893e-01,3.489282130726615305e-01,3.005905182009295795e-01,3.587157996347983269e-01,3.575162932430809848e-01,3.540350104276000498e-01,3.441179212318126179e-01,1.001264282956603469e-01,6.541343918032291316e-02,3.566232918632585847e-01,3.600614474837930956e-01,3.570398278763571298e-01,3.599955855687003714e-01,3.589169975800173829e-01,3.455039463153952162e-01,3.592819620197226782e-01,3.562486367481876304e-01,3.582828634032773074e-01,3.578684463711280794e-01,3.600274277190642080e-01,3.606093149973254031e-01,8.315608694030977854e-02,2.038744459634357353e-01,2.978862881338020241e-01,7.244944860005704534e-02,1.493042716270280845e-01,3.588263249269006971e-01,3.608320671877062735e-01,3.590781494820572961e-01,3.590892028712188155e-01,3.607056467069249539e-01,3.604172299314279959e-01,3.507790285177356804e-01,2.907805204058683257e-01,4.429515922313457393e-02,3.586712533990492613e-01,3.572320060997632996e-01,3.407616446863637738e-01,3.550661758541303614e-01,1.419807874532398317e-01,3.471200796120377241e-01,3.475914501434589354e-01,3.108787802101442010e-01,3.270842163895633647e-01,3.522143060083410271e-01,3.375091398807062992e-01,3.237445114585114636e-01,3.398472059427617986e-01,3.534091266223164940e-01,2.958611777113162589e-01,3.556784967453628377e-01,3.120291139055306195e-01,3.588345043381911958e-01,3.557405668470582372e-01,2.102882493082317839e-01,2.486442554049827780e-01,8.888911690170121782e-02,1.647449599538740594e-01,2.680426968389974518e-01,2.851124897700288430e-01,1.503123103983666220e-01,1.069115389072976957e-01,6.980629466741800071e-02,2.239816422157228926e-01,1.110860753137175166e-01,3.314983172819095936e-01,3.466752729313715697e-01,1.296711959956645122e-01,3.164324830639465569e-01,3.086236814962280417e-01,3.313184002893448943e-01,3.119763175979654024e-01,1.505693036863201828e-01,3.215355803518922251e-01,3.397145392724753576e-01,3.490950358578686630e-01,3.180980547987859453e-01,3.176864765302598315e-01,3.127019974435291672e-01,2.802094514993473950e-01,3.183548996301036604e-01,2.208451866643591222e-01,2.553258017905318811e-01,3.180444197124711048e-01,3.039305568205286634e-01,9.901873563274234818e-03,1.440398358474430374e-01,3.163567970358538983e-01,3.278606976082958369e-01,1.227796535140358719e-01,3.450107572231984610e-01,2.040673029869292110e-01,3.464522989493712402e-01,3.590747763825075101e-01,3.575817748038140342e-01,1.154449238325408605e-01,3.296106217448162568e-01,3.587843854928463028e-01,6.090005255547838170e-02,1.367058353066942789e-01,1.112250011373922126e-01,2.904798020256934565e-01,3.464888262576134442e-02,3.138880065214512405e-02,2.647809727372531577e-02,7.949345422083296808e-02,3.601485124095918366e-01,3.495170293245343784e-01,1.674781717570173467e-01,3.265830448207632242e-01,3.580421881820486929e-01,9.951640881019435669e-02,1.109415791177379845e-01,1.879061385949307161e-01,3.567978900765320094e-01,3.543429340370806147e-01,3.570493129100557606e-01,3.528371780250945111e-01,6.787465901289400916e-02,3.591023238914993199e-01,3.463951754070556666e-01,3.601444985469997029e-01,3.583095583287120856e-01,3.580660656307118050e-01,2.936508477860914068e-01,3.557024047418241852e-01,3.560798699940900813e-01,3.574830285527336726e-01,2.625743487447982916e-01,4.549808225949311669e-02,3.490793055820251012e-01,3.592619242284205150e-01,1.760310156267708426e-01,3.529560366159464335e-01,3.481606947507565608e-01,3.506512838998624981e-01,3.542527808881723028e-01,2.452692183900362088e-01,3.415950885136119775e-01,3.298302641910770272e-01,3.418539665078942913e-01,3.219703565731213413e-01,7.745471663950222185e-02,1.180248917126039132e-01,4.937891237297285796e-02,9.493255203860966052e-02,8.858236438242340915e-02,5.272609134218271543e-02,6.175575766390172666e-02,7.205045054133413229e-02,2.786214368443823766e-02,9.687394294161312536e-02,1.891951680488740406e-02,2.391037559182544042e-02,1.604796964895421896e-01,1.788126109528489216e-01,2.023474830805441493e-01,1.046489418495165358e-01,3.930417633560081420e-02,4.215705972077431890e-02,5.873715369876880699e-02,2.246815271466637634e-02,9.830391139977008585e-02,5.276889446441457299e-02,8.843030866901042258e-03,6.730694381252443070e-02,7.930460378293889556e-02,5.011509897281504061e-02,2.403280644339125804e-02,2.326277529115068632e-02,1.897515564667539567e-01,8.264084748892426557e-02,1.170178165364982870e-01,1.831560603317042013e-01
2.706058212054268663e-01,2.265773247629119524e-01,2.698291631819815239e-01,3.999179116429667502e-01,3.980667794020139594e-01,4.020608744921381206e-01,2.378668721887550741e-01,3.449200064039683600e-01,9.529021549133957769e-02,3.749218068884992983e-01,3.646503479124051927e-01,3.943129057598948606e-01,1.458639119904500958e-01,2.162352045119949884e-01,0.000000000000000000e+00,9.030443472757654355e-02,1.475491942811596457e-01,2.180050768942845552e-01,1.925842172336265368e-01,2.928685900195329359e-02,2.928976737933554619e-01,3.945777151760745394e-01,9.960917378192889193e-02,3.375403816921659361e-01,4.000528390080055341e-01,1.919064653255783959e-01,2.641060040725490832e-01,2.574692325722037767e-01,1.184120431101487458e-01,2.581195293304869298e-01,4.053582694255053465e-01,4.019086600590653924e-01,4.073821044493866617e-01,4.021794459656262144e-01,3.028770531920036979e-01,3.634254049861078140e-01,3.770377523368860229e-01,2.143141675844861538e-01,3.840361713933453380e-01,3.913953477019419536e-01,1.860092217091697531e-01,1.540103594957728805e-01,3.836838325061061039e-01,3.768329623849357435e-01,3.390746265340905952e-01,2.552409823365904828e-01,4.046396673862995841e-01,4.063934243584481631e-01,2.575603605265390783e-01,3.229490966877087699e-01,4.809907023262278286e-02,5.218927756146957836e-02,5.788484477037592578e-03,3.073837715882717786e-02,5.204564784280362941e-03,7.966130882267823121e-03,3.467308508082368457e-01,4.062298622977171259e-01,4.013152535337514148e-01,3.953834334441478360e-01,3.533486854496665219e-01,3.965111730087548247e-01,4.080989366182035116e-01,3.526412959744944509e-01,4.096295548381871932e-01,9.709047467620553207e-02,6.198596582453269610e-02,4.090423614187912449e-01,4.107933593253499938e-01,4.102525179873893757e-01,4.045786961986975738e-01,3.908250418272909976e-01,4.028754513508807644e-01,3.985867365865811696e-01,4.104831497576873489e-01,4.088183096340350930e-01,4.071015991597892736e-01,4.045106415150106494e-01,4.084489465785260953e-01,8.029050448473791513e-02,2.045850356826568184e-01,2.906984412523840877e-01,7.249470034928129358e-02,1.455269399572780009e-01,4.105095536590919192e-01,4.107658860142158752e-01,4.105021736302946200e-01,4.098721884028471152e-01,3.925851599027327388e-01,4.047589974480008679e-01,4.078781780988947059e-01,2.906790086821592900e-01,4.314953237364990007e-02,4.083196813218344379e-01,4.082825177229190139e-01,3.988238345576324284e-01,3.417505951846487311e-01,1.394445621307435768e-01,4.100092493085543133e-01,4.089635231422919515e-01,3.167776490593889327e-01,4.026096815184276312e-01,3.897587593605982836e-01,3.439578033797381362e-01,3.981109397953240814e-01,3.956696287487536656e-01,3.869232218562412839e-01,2.702990518187034508e-01,3.917173540429300105e-01,2.830995025351533689e-01,3.764617346507263540e-01,3.854057879882352156e-01,2.597904966847593422e-01,1.470705198739480912e-01,6.583119041155185980e-02,1.032332351617721994e-01,2.989638724949689186e-01,1.374726723645089688e-01,1.096235404988168127e-01,1.373610024809584218e-01,5.808882518784088539e-02,2.093036975647449283e-01,3.153240798807496748e-02,3.886691637814939648e-01,4.056257723320204622e-01,1.120695839889025019e-01,3.285755957376216285e-01,2.712923629059592057e-01,3.470340686662757856e-01,2.643883966522592166e-01,1.622565313544007126e-01,3.919071824095326506e-01,4.012532388585505205e-01,4.030041924721770030e-01,3.966082238376724689e-01,4.056612938941714375e-01,3.780898317125949704e-01,3.917397285025837061e-01,3.905270244279627212e-01,2.574718686163579018e-01,3.179259276312283999e-01,3.858126553359232380e-01,3.891747036691247663e-01,1.287466674192496059e-02,1.386320096420069481e-01,2.984147668768736827e-01,3.311420155198966375e-01,1.243117078192896713e-01,3.707551071997490233e-01,1.917107517452724119e-01,4.035717653666477389e-01,4.017227260169664027e-01,4.085337057798578697e-01,1.158380172458820245e-01,3.267411051851668580e-01,3.655861410722388016e-01,6.073573576617535830e-02,1.341463351172089147e-01,1.097102806735500563e-01,2.891566742376864285e-01,3.404253128542401863e-02,3.179683252459340054e-02,2.528536848722189728e-02,7.718977257515118040e-02,4.068535221068700913e-01,4.037311149837312096e-01,1.825301068065378896e-01,3.873227446294502663e-01,4.029272245381302353e-01,9.274639552930663555e-02,1.114757687372647799e-01,1.836555025730239044e-01,4.099542919486328652e-01,4.100454580436460605e-01,4.081166972195878206e-01,4.034157162735846347e-01,6.828886592918601006e-02,4.080242339182192923e-01,3.488139789331675122e-01,4.084884136867190652e-01,3.967255377060397437e-01,4.023806577738652801e-01,2.875628584298363100e-01,4.070183980100173238e-01,3.882584386600770876e-01,4.002492832478948270e-01,2.576296305017620192e-01,4.391748809507179524e-02,4.049419343719670716e-01,4.092137157481556820e-01,1.845814907937346483e-01,4.034330279915732675e-01,4.082678658384260584e-01,3.986429995631278755e-01,3.846302830628455238e-01,2.429567571826434236e-01,4.069841223234587080e-01,4.049093196498400604e-01,3.998228763015285181e-01,3.989704279095628858e-01,7.853069617708932637e-02,1.131549671765808562e-01,4.869362489973405594e-02,9.291951812439989966e-02,8.224831054972965572e-02,4.419720640637157111e-02,5.925972079149648825e-02,6.435162010982647951e-02,1.850694189497302175e-02,9.152892078133097187e-02,1.805657122265441616e-02,2.291569408021861334e-02,1.518834180517114607e-01,1.579317720598093777e-01,2.014289416657268350e-01,1.047364094866705814e-01,3.365868483895541330e-02,3.683573453728813951e-02,5.433056434001708179e-02,2.129623585240725953e-02,8.414184794882807739e-02,3.738404687682205657e-02,6.061688306620486785e-03,6.113527121206993598e-02,7.797466841360334300e-02,5.342260208272268246e-02,2.317581628254017020e-02,2.313390609738288223e-02,1.779190279285742249e-01,7.118710297089730910e-02,1.093289319537774362e-01,1.748515098939893986e-01
2.773659662394010739e-01,2.263770779260919075e-01,2.709790595231069688e-01,3.345522958753670006e-01,3.370142003687902621e-01,3.349655767184167576e-01,2.453929542614887160e-01,3.335896306672842537e-01,1.096430523728794681e-01,3.278095904427864582e-01,3.276022682866088775e-01,3.357072967190263824e-01,1.447886614999092658e-01,2.360539142360468245e-01,9.030443472757654355e-02,0.000000000000000000e+00,1.764939035671187761e-01,1.595349187100647270e-01,2.077912619201194855e-01,3.637634446285830520e-02,3.013941317078255855e-01,3.268318157306014382e-01,1.065778550172267469e-01,2.769889113862808450e-01,3.296049151133152444e-01,1.916596419685974440e-01,2.763386780425339251e-01,2.625391237855445592e-01,1.216493995529090433e-01,2.616412037994894635e-01,3.378567627243038718e-01,3.372925731251910642e-01,3.387362852837397798e-01,3.372502136576976950e-01,3.160461557978393454e-01,3.189631753377616397e-01,3.134697756447469841e-01,2.132331710115681345e-01,3.234708137127857985e-01,3.188069718815694231e-01,1.963702717236140149e-01,1.533533476135343632e-01,3.280614207047396480e-01,3.239804836833719559e-01,2.808182418106998646e-01,1.935409953985059439e-01,3.377194961234809001e-01,3.385153777070898373e-01,2.601637050309267285e-01,3.281158021775332778e-01,5.160776337409539449e-02,5.460490997566235655e-02,5.585430606483638219e-03,3.436193413159456533e-02,8.298289101169796858e-03,1.041168128072957055e-02,3.362303766548142003e-01,3.379935700837446988e-01,3.352880752177818113e-01,3.333188809863777968e-01,3.267448761726858275e-01,3.325240521026914253e-01,3.371996693436122849e-01,3.360349383309000348e-01,3.355531365936973431e-01,1.016149996806177125e-01,6.514312625855461780e-02,3.341264541525524878e-01,3.378180611397164079e-01,3.365572679114933741e-01,3.391160104879406001e-01,3.354139081622391494e-01,3.368816530012982979e-01,3.313929053825269699e-01,3.377337837349231875e-01,3.380951212806303507e-01,3.369406623147870872e-01,3.353483680465963457e-01,3.387388560878529242e-01,8.305399963201551272e-02,2.063775239755302748e-01,2.992372912671958929e-01,7.686263965983393398e-02,1.488017264811722085e-01,3.380458796967477642e-01,3.384253697145767070e-01,3.389003402295374667e-01,3.382580895826040601e-01,3.381540754188546716e-01,3.372619578752278358e-01,3.362839896446291332e-01,2.919259178832844248e-01,4.350183718578742864e-02,3.378435481307585087e-01,3.370361450148694482e-01,3.361810226224024589e-01,3.299974250897965145e-01,1.495948293826143138e-01,3.387414313022950041e-01,3.370600860699106693e-01,3.175631328264899023e-01,3.324993595012915581e-01,3.349275956053641146e-01,3.350991976047669185e-01,3.320384293478935156e-01,3.315935567129751349e-01,3.321685974816848685e-01,2.941462686472247623e-01,3.327450554802954263e-01,3.085476081127375703e-01,3.289559571824851036e-01,3.322346410640002468e-01,2.817256318953408334e-01,2.334703738807733242e-01,7.912248305661701009e-02,1.578633376832361823e-01,3.130873949402109835e-01,1.806841952088286685e-01,1.534307840655449451e-01,1.193835244191509964e-01,9.327207259268026351e-02,2.301156262924032581e-01,5.298344656744956999e-02,3.258956933857297678e-01,3.347828186069034540e-01,1.321325878862698588e-01,2.981351437593954268e-01,2.826223812724952267e-01,3.100784251081104004e-01,2.842820864890898691e-01,1.660998272612504989e-01,3.319249538145154221e-01,3.332340797121794429e-01,3.349495775877598391e-01,3.296338166349670473e-01,3.380362734166900140e-01,3.091359269828496403e-01,3.280750163075196735e-01,3.305430565705241297e-01,2.699251353686417110e-01,3.113737791172259683e-01,3.144080074166232808e-01,3.328140783182187423e-01,1.261040710189661671e-02,1.485241579235542508e-01,3.000840327143335373e-01,2.768150945858863232e-01,1.412242427345511142e-01,3.161971454026037964e-01,2.020602220779007530e-01,3.371982799981666501e-01,3.341777187380360337e-01,3.364890659049060706e-01,1.160833947488196516e-01,3.249936791416924708e-01,3.347547372796125797e-01,6.132209188006777084e-02,1.433791030944364664e-01,1.138543022222947149e-01,2.889644157384023138e-01,3.772873308817413507e-02,3.387231543244841742e-02,2.810362503539375403e-02,8.558440858631344295e-02,3.376208630393611188e-01,3.331404208018208246e-01,1.851163387148023476e-01,3.246758269344001691e-01,3.370961999553731547e-01,9.602963130385323842e-02,1.123505009278794042e-01,1.850996250112270092e-01,3.377090075351756315e-01,3.380137646446039201e-01,3.374279467837163482e-01,3.374646410276677111e-01,6.536053613628105274e-02,3.375989336757019843e-01,3.358887635736451105e-01,3.371536000549576473e-01,3.353214989068076801e-01,3.355249251106448005e-01,2.907603935874217282e-01,3.384361234163294485e-01,3.384959181315672638e-01,3.354933491173590632e-01,2.635992086876357554e-01,4.591453008189096824e-02,3.382667489898430468e-01,3.374552669623256396e-01,1.888386084466815718e-01,3.377925525067994594e-01,3.378261173014212582e-01,3.339603965123231211e-01,3.280837080508747783e-01,2.541910396248793780e-01,3.369049898783749719e-01,3.358000532193461951e-01,3.366901268146739734e-01,3.345421683700499083e-01,8.192877184247840394e-02,1.130210780571989926e-01,5.091492611464728396e-02,1.004823731037658985e-01,8.730093363814038498e-02,5.639681706349113088e-02,6.521195275705107819e-02,7.980113687244268228e-02,2.134836074243723000e-02,9.476651467292576680e-02,1.786977368554010237e-02,2.193101356382238035e-02,1.504455775157957642e-01,1.638011179806971029e-01,2.040030825219281696e-01,1.085460692180262726e-01,3.972746726606453394e-02,4.089668402564861083e-02,5.930361041689738433e-02,2.255736041403275452e-02,9.310757736411233443e-02,4.974430927901904442e-02,7.469019757106946933e-03,6.777866608939649151e-02,8.088582533627795834e-02,5.558920849271625775e-02,2.520926802767600033e-02,2.403103573728574555e-02,1.819214613017569870e-01,7.070606554754391149e-02,1.157160316565474245e-01,1.791832146156247807e-01
2.665058660921997280e-01,2.231610711399691083e-01,2.799494092428483349e-01,2.987886741091796972e-01,2.987837084990693781e-01,3.031593998492424502e-01,2.476226917065570132e-01,2.989229396809552353e-01,1.123239617017490061e-01,2.999242475993874057e-01,2.977296932675669305e-01,2.998960104738311316e-01,1.435583245772522054e-01,1.792375858209857009e-01,1.475491942811596735e-01,1.764939035671187761e-01,0.000000000000000000e+00,1.450418623237805238e-01,2.074897446011944591e-01,5.616659700441246905e-02,2.813046128036982840e-01,2.934306355467373173e-01,1.013200637766621948e-01,2.174134485249216431e-01,2.888610682273871078e-01,1.157713390487797450e-01,2.840172316689237308e-01,2.671042668695002842e-01,1.154974484412576025e-01,2.565068620626920204e-01,2.821518188063456001e-01,3.020508500782304595e-01,3.021197865071609256e-01,2.788353963565057270e-01,2.371182045220193990e-01,2.053042902877620091e-01,1.300506901709624352e-01,1.519448806438759569e-01,2.425485771942193780e-01,2.064104759304721259e-01,1.806647889245622529e-01,1.513370647757000809e-01,2.854123516311019571e-01,2.715295474461109082e-01,2.007480094472910148e-01,1.455685942871445260e-01,2.861652031188789413e-01,3.042876650821895179e-01,2.584159505841053250e-01,2.955337763491451830e-01,4.911515096289056914e-02,5.409223449490132424e-02,6.141362184360598872e-03,3.400952055460141482e-02,6.629387658582770390e-03,7.137928036574386730e-03,2.786535419838893080e-01,3.053149885091033244e-01,2.912226056106967387e-01,2.878812155679822404e-01,2.753357581854203873e-01,3.008091121644526078e-01,3.035534178599711974e-01,3.039397370855264069e-01,3.047259831863258217e-01,1.018907479829631174e-01,6.536341270599840825e-02,3.022945074406281352e-01,3.036829745087382681e-01,3.002124861506124676e-01,3.026640421179544460e-01,3.052472788722385144e-01,2.999180380576930149e-01,3.029731813041461885e-01,2.981199257601130914e-01,3.049972905756533348e-01,3.047385985044855916e-01,3.053188128168336513e-01,3.032600684916569311e-01,8.715591833837342539e-02,2.067122129794359275e-01,2.996662989967230906e-01,7.398835212377309623e-02,1.481519344664259663e-01,3.038797067803323815e-01,3.026648260061673978e-01,3.009539523241007708e-01,3.016765003358529151e-01,3.020334329315380595e-01,3.048620512187581455e-01,3.042122612331407683e-01,2.908508432532513899e-01,4.328019892047453576e-02,3.049113843233931531e-01,3.052535896099942692e-01,3.008888121829681461e-01,3.030725314507417001e-01,1.492178394846442047e-01,3.053516322819768702e-01,3.044794423414418083e-01,3.037311854156243829e-01,2.952161229177301394e-01,3.018217092722196293e-01,3.042548429165416457e-01,2.969575668156280712e-01,3.031659234813257608e-01,2.986960112359721142e-01,2.960289875840751983e-01,2.986175056238727366e-01,2.976237922106717004e-01,2.976900042884218500e-01,2.978913089824632432e-01,1.980641224486074936e-01,2.863145655701737069e-01,1.184085834274643534e-01,1.996505217490179562e-01,2.079924175877846670e-01,2.670692656931754061e-01,8.922388525309868368e-02,1.316195146817391304e-01,6.152409668112369945e-02,2.604172529572819084e-01,9.200134834584768051e-02,2.966529796180987222e-01,3.052545347393571529e-01,1.191998814883120095e-01,2.118069781173058108e-01,2.579066245968993920e-01,2.575407763973041053e-01,2.903599121444279674e-01,1.608020442217993895e-01,2.902104750040193637e-01,3.027602352204039615e-01,2.966733964537763280e-01,2.590024440895226099e-01,3.014895737201697123e-01,2.192659170843604677e-01,2.638944148200090822e-01,2.772255279813609641e-01,2.097716646947851427e-01,2.167082940608797414e-01,2.023319429134832759e-01,2.987908103891938616e-01,1.273984423535045110e-02,1.463242807917691790e-01,2.632062915208212006e-01,2.136295983887103456e-01,1.481158238169842933e-01,2.644778940484611152e-01,1.433800612542200648e-01,3.030394625004126374e-01,2.917145458008104653e-01,3.036532041853006181e-01,1.159615289926587550e-01,2.962125759064767605e-01,3.013269536584911590e-01,6.079564434861924743e-02,1.464756513470638066e-01,1.159929856163114670e-01,2.897117472827717699e-01,2.884220709541769970e-02,3.502399542269157146e-02,2.813047469362909767e-02,8.193928844606775119e-02,3.056375322278167550e-01,2.787381414774849353e-01,1.693558818752129713e-01,2.841083807495008440e-01,3.049923902722977975e-01,9.368119366299371142e-02,1.116712570200286553e-01,1.854154730023060971e-01,2.944801205580658832e-01,3.016575867042684544e-01,3.035737749500199700e-01,3.047814868346256922e-01,6.827771802222255826e-02,2.985739857525979701e-01,3.064814447158532573e-01,3.072044699164470094e-01,3.023527709148446929e-01,3.054323858678937298e-01,2.922864602791417354e-01,3.019666581341236555e-01,3.054287265561146936e-01,3.051954828491076355e-01,2.636700257496654154e-01,4.506209772821495596e-02,3.031766389917237570e-01,2.936814354347362377e-01,1.869721269245308848e-01,3.034312725853371973e-01,3.054968278114353897e-01,3.051292355702958647e-01,3.006696521553320345e-01,2.597070431573846316e-01,3.050000642198799072e-01,3.045973874521470948e-01,3.049689333278820524e-01,3.015122366095312478e-01,8.420751590111716367e-02,1.216107721022785387e-01,5.192234352896400729e-02,1.022014419432745458e-01,9.005960132136330010e-02,5.635650225651406275e-02,5.319007867760478653e-02,7.381084923877191672e-02,2.852516313443404644e-02,9.297004151952574513e-02,1.828194626762174452e-02,2.228080737559032937e-02,1.610033973122026452e-01,1.777955903836708762e-01,2.068060173187036554e-01,1.139202044533993430e-01,3.808922499464045125e-02,4.249382268666789669e-02,6.057683779774610672e-02,2.138937151273509474e-02,1.013987625813948662e-01,4.994773249470755433e-02,8.346049762250749848e-03,6.402209666041863700e-02,8.355791568881676401e-02,5.895208206433319442e-02,2.545095464043463027e-02,2.306402890812231724e-02,1.840293423112413229e-01,8.224705048191031931e-02,1.259503488876794752e-01,1.810816579747633881e-01
2.670862406751622897e-01,2.295550598749740712e-01,2.542478940332709714e-01,2.682409602152512895e-01,2.677443164773955497e-01,2.686207796611705945e-01,2.505036598921326907e-01,2.685304829863017773e-01,1.151074873948449984e-01,2.670064520201461122e-01,2.686680710588447152e-01,2.680387605555913932e-01,1.718826121835970444e-01,1.807922597352128180e-01,2.180050768942845552e-01,1.595349187100647548e-01,1.450418623237805238e-01,0.000000000000000000e+00,1.874600884234609299e-01,1.060465280147260825e-01,2.518670039783898473e-01,2.540597201891537371e-01,1.137180636648506826e-01,2.201594353403453219e-01,2.535247562504931440e-01,1.579810531878432511e-01,2.563139595092844836e-01,2.371220472027928683e-01,1.207843174097891908e-01,2.627415252147732305e-01,2.558995931335143470e-01,2.671542832859022942e-01,2.690913459575708933e-01,2.509971683189391456e-01,2.119807482922173580e-01,2.045046760817139653e-01,1.848966114902431401e-01,1.476056774366377167e-01,1.704585095675954509e-01,2.119692521848999256e-01,1.979358798553379206e-01,1.658524466113377172e-01,2.531927271348355379e-01,2.601208894292648677e-01,2.063138319792734710e-01,9.644991683660314452e-02,2.603305526937227388e-01,2.690437378031337312e-01,2.589242264886521538e-01,2.693541385033034752e-01,5.112026909070108843e-02,5.495924925100580810e-02,5.023391188824027909e-03,3.426243787764273602e-02,7.965523810563215901e-03,8.822675216221766495e-03,2.636603176074314714e-01,2.685669378194882606e-01,2.605153253159777083e-01,2.609364021142071555e-01,2.153417769425526040e-01,2.689852579816593425e-01,2.698428463068526240e-01,2.683484535479941369e-01,2.588658905666807453e-01,1.041222771962072580e-01,6.639893043002394191e-02,2.645374527570213408e-01,2.693598258312338567e-01,2.670138635739207067e-01,2.691760793654398021e-01,2.683077341050822406e-01,2.649757335663885383e-01,2.694216300205017900e-01,2.674575366732353521e-01,2.677852447735710739e-01,2.690614333073611530e-01,2.671003058166162569e-01,2.685127328788248224e-01,8.575227630775712762e-02,2.062653860853803367e-01,2.689784181999430590e-01,7.586838390773005536e-02,1.496686949182729209e-01,2.655886291936999100e-01,2.714120660043402578e-01,2.691632873244508284e-01,2.693447125258299213e-01,2.686246987250312523e-01,2.697564080568670697e-01,2.603000355717494108e-01,2.680090307543415151e-01,4.248602714415057602e-02,2.684740316481455946e-01,2.697644071621074224e-01,2.625752765035276881e-01,2.693963193194868211e-01,1.509781732531797205e-01,2.655344790831557500e-01,2.626622895052080353e-01,2.678309587210619958e-01,2.607445907316303102e-01,2.685462950778489954e-01,2.689202469256706807e-01,2.594833667961621848e-01,2.678017321867952050e-01,2.678774443067293287e-01,2.682649851437792221e-01,2.666751468530356162e-01,2.677209875348858792e-01,2.683823516609398774e-01,2.691467190695659983e-01,2.300342044355055404e-01,2.395913381797364627e-01,1.122185059393102924e-01,2.069525347548084870e-01,2.512301290441913415e-01,2.393307997319300551e-01,1.887025600102619771e-01,6.576019253825859945e-02,1.025857785035454023e-01,2.317186663852515149e-01,1.276924247733143558e-01,2.548487210018400839e-01,2.668284677317099840e-01,1.393361914848803285e-01,2.213347185225245373e-01,2.513040814904203279e-01,2.418821424017677801e-01,2.512934417746547910e-01,1.643416173785016698e-01,2.535989371622539013e-01,2.651120683795752941e-01,2.678493798123337544e-01,2.449435899550637952e-01,2.668447250365414414e-01,2.192630399814241293e-01,2.369370812825546679e-01,2.523074337336279616e-01,2.380550982232864099e-01,1.795442242117955833e-01,2.177693642751980518e-01,2.539144242451056299e-01,1.402107990042863149e-02,1.528191025513341295e-01,2.504515283389370794e-01,2.123935477454322318e-01,1.427930175307000338e-01,2.602667554135884020e-01,1.786568614017819967e-01,2.665477222546556724e-01,2.697937825494995390e-01,2.686604079485864216e-01,1.161862143016538229e-01,2.623108951557096002e-01,2.703468433680917826e-01,6.168131007613295719e-02,1.435907553746705312e-01,1.166133802198604102e-01,2.691584595462289120e-01,3.709655618559695028e-02,3.323954253129723230e-02,2.831293066788356100e-02,8.260391767309982480e-02,2.688898930604785020e-01,2.644727517975037911e-01,1.674409816030340836e-01,2.465521201391280282e-01,2.697312401497093948e-01,1.015952034574474222e-01,1.116955755489907748e-01,1.874945212610096279e-01,2.643451992727767208e-01,2.651978037457685677e-01,2.698813377967189675e-01,2.684351286990969698e-01,6.755598830496505058e-02,2.651704037389124857e-01,2.692342206012975359e-01,2.686135227873233666e-01,2.688900714407324588e-01,2.691126469967710100e-01,2.703349967844519419e-01,2.694016230246270571e-01,2.689691172999529867e-01,2.690640082947300948e-01,2.648775576274166044e-01,4.626394441595245433e-02,2.686177398862716337e-01,2.689265705995147471e-01,1.855307943287501371e-01,2.697239739382342738e-01,2.680137028298414381e-01,2.646429468501962368e-01,2.679083765270868778e-01,2.592471352879497370e-01,2.619807976811294181e-01,2.594330639115569048e-01,2.645565894871999002e-01,2.550460363995876722e-01,8.229699525637415580e-02,1.206173888084005469e-01,5.050768115446734041e-02,9.955367778152865443e-02,9.276627136748347158e-02,5.858219185590952949e-02,6.134781191903660585e-02,7.654367634255196395e-02,2.569779054281917316e-02,9.779777041824541661e-02,1.699615437618239716e-02,2.203389085098911640e-02,1.523066659970174208e-01,1.765750374889700491e-01,2.020983047436752111e-01,1.049946368053432527e-01,3.984544793983183647e-02,4.231576306138281479e-02,5.945078640554507521e-02,2.378496810539838108e-02,9.998362500735996639e-02,4.531359476972997985e-02,4.490884051594354331e-03,6.299579302066254938e-02,8.510509914102411255e-02,6.040146458023781806e-02,2.483665717698926162e-02,2.306969062902522807e-02,1.813567798808484732e-01,7.342860627036050525e-02,1.181385806594800608e-01,1.738761820196811914e-01
2.632958853041899583e-01,2.146812822730716497e-01,2.828519282584976424e-01,2.970235013861582951e-01,2.914367900964094371e-01,3.020565530628130380e-01,2.409684975092356296e-01,3.019722870078612176e-01,1.041561961956880972e-01,2.995029819720407271e-01,2.945839408910332913e-01,2.996562118276541176e-01,1.384006762472377305e-01,2.103831599257937335e-01,1.925842172336265368e-01,2.077912619201194855e-01,2.074897446011944591e-01,1.874600884234609299e-01,0.000000000000000000e+00,6.433538804370633746e-02,2.937635985947140149e-01,3.014427409254541446e-01,1.146187089958416311e-01,2.702300324080063598e-01,2.920263706892767264e-01,1.824604123123712285e-01,2.689946073449818731e-01,2.725858389649717939e-01,1.213373836142827566e-01,2.487468069625416167e-01,2.878900443882973503e-01,2.958521716390042355e-01,2.948209945671438903e-01,2.873275044134226963e-01,2.763658400040779894e-01,2.656437230871737110e-01,2.713627583640780272e-01,2.044652287670231938e-01,2.861072294719487763e-01,2.812989467958807999e-01,1.946853138635254998e-01,1.712895978836623812e-01,2.971565594971593005e-01,2.087233437932018432e-01,2.574949892164273280e-01,2.618618465359301983e-01,2.956137424656650192e-01,2.903869941405799460e-01,2.607498630356132052e-01,2.807458670177611082e-01,4.420360014808437377e-02,5.038349084607293693e-02,7.069298746237456278e-03,3.095272129767595928e-02,7.490120825017525935e-03,1.062199190622091505e-02,2.871719169498503366e-01,3.019531021440720608e-01,2.957863497882213255e-01,2.916128132709245868e-01,2.857359531460489377e-01,2.926459571434045226e-01,3.068389081971353294e-01,3.061526885232560002e-01,3.065747384058791769e-01,9.986918994678380124e-02,6.306963441907216528e-02,3.082631608332441764e-01,3.065289930329512247e-01,3.068091251360793303e-01,2.956635654816670011e-01,2.883629276951294451e-01,2.761998682916325110e-01,2.900292188047869923e-01,3.070185079780471393e-01,3.030290800249906269e-01,2.966575181181342891e-01,2.858974741560499910e-01,2.971746526086499474e-01,7.997709336123405566e-02,1.984600230861000014e-01,2.855729169572379100e-01,7.577330222739322996e-02,1.474457299018530343e-01,3.062774146159000788e-01,3.043034833308402853e-01,3.083509941948398003e-01,3.042394872824652485e-01,3.073593109976060500e-01,2.982270438041593197e-01,3.034932526640323203e-01,2.904725839681091548e-01,4.131236358840320588e-02,3.073614444420036951e-01,3.074578422798134869e-01,2.836678880231418565e-01,2.860046058168768113e-01,1.309301394784518624e-01,3.071076310823970257e-01,3.023343140067424328e-01,3.066421757597175834e-01,2.990814110424518946e-01,3.031872999216950193e-01,3.048896451162805277e-01,2.883551266018168358e-01,3.033449790617358532e-01,3.010467240188223204e-01,2.866293971888481673e-01,2.972032862763742123e-01,2.953324928583369036e-01,2.961885922060679133e-01,2.982444502602692449e-01,2.430093391330013508e-01,2.654293731974657344e-01,6.586026707997379159e-02,1.615012496671069109e-01,2.721545089054305255e-01,2.276928007749435823e-01,1.513343321269647046e-01,1.413959325835224545e-01,4.047330466236877949e-02,1.236742367133318310e-01,9.205855525909180381e-02,2.975133008737048668e-01,3.071319670815169101e-01,1.277832138471870771e-01,2.528224608967764020e-01,2.934818780044483044e-01,2.824699896950381151e-01,2.786298836847219684e-01,1.517979002637048491e-01,2.651015089164125982e-01,2.884757060742224044e-01,2.838829649565481894e-01,2.749422518328505372e-01,2.933045682404575860e-01,2.737215441105149694e-01,2.745871051942284091e-01,2.442868520368156049e-01,2.471874209929897925e-01,2.742946521481169353e-01,2.677895153576166920e-01,2.952618951253923596e-01,1.405005940193070242e-02,1.547875357556246501e-01,2.892269445442195441e-01,2.310591935131762753e-01,1.230161323436706200e-01,2.348843259860904920e-01,1.853775443649604004e-01,2.872891665524120453e-01,2.818834582361237628e-01,2.919390469904236118e-01,1.156213256366461772e-01,2.972359807875120108e-01,2.818784362861876946e-01,5.922643095254218060e-02,1.363672744021405814e-01,1.072854751773652526e-01,2.828307503108377641e-01,3.388412824659779721e-02,3.374592610155332378e-02,2.579075656338201614e-02,7.821875746062538493e-02,3.023373956894604975e-01,2.878425961508850883e-01,1.689832081442487755e-01,2.859220086841819941e-01,3.015671675797036988e-01,9.022333230608266252e-02,1.110239833992872210e-01,1.853932194819208901e-01,3.056777988727010786e-01,3.077227317062800060e-01,2.937898409002652755e-01,2.947734343125272272e-01,6.783270284788973925e-02,2.994274881276375866e-01,2.938916636003992000e-01,3.014539440998958431e-01,2.809927217542646516e-01,2.873730043297648140e-01,2.779986207092486339e-01,2.974523020464552303e-01,2.896232329491828517e-01,2.841629873923122163e-01,2.471936784950623800e-01,3.889963148526378450e-02,2.991561659216376845e-01,3.058292086201396809e-01,1.847440095742552968e-01,3.011669977764849238e-01,2.962749569091129298e-01,2.847555081605176452e-01,2.850663770153408216e-01,2.458610493089211646e-01,3.067876484755304167e-01,3.017768796006785048e-01,2.951643616170251949e-01,2.893858769180844281e-01,7.683302240635794811e-02,1.170128677207554202e-01,5.156376613169046108e-02,9.810299653236828621e-02,7.488782769328909683e-02,4.682402969228598860e-02,5.648519461740826586e-02,5.320243781447475673e-02,1.839511909087772693e-02,8.490822923191961025e-02,1.896685791324810577e-02,2.319716964891966465e-02,1.576894980654727219e-01,1.803790647731791374e-01,1.955246329477518807e-01,1.074823224823146794e-01,2.936665737586151292e-02,3.800355889423814165e-02,5.915163194821636272e-02,2.166624273790044436e-02,8.378976757626599436e-02,5.115251989482752504e-02,8.065146315640703278e-03,5.572820310390088488e-02,7.578429797837864246e-02,5.200663967595301612e-02,2.543663794176253753e-02,2.323336330629037494e-02,1.814080213349092696e-01,8.475025169489851240e-02,1.145236357516161707e-01,1.770592709000677056e-01
1.511724059036442802e-01,1.454960402872113312e-01,1.427934471498620295e-01,1.507154029559370223e-01,1.526380435117297985e-01,1.532274087339014490e-01,1.522603579930399686e-01,1.512955650293737742e-01,1.092157140703066270e-01,1.517262862153020142e-01,1.451272398589933121e-01,1.534837953203006811e-01,9.743086532570784108e-02,1.187827155040970944e-01,2.928685900195329359e-02,3.637634446285830520e-02,5.616659700441246905e-02,1.060465280147260825e-01,6.433538804370633746e-02,0.000000000000000000e+00,1.380303456592042732e-01,1.501846328758756621e-01,1.058372433330681400e-01,9.246178714621983152e-02,1.500626070051893635e-01,1.118655573394595759e-01,1.188266008053538852e-01,1.157431180656625508e-01,1.223355986605107193e-01,1.529291025985601293e-01,1.524759158502001499e-01,1.529714542895364293e-01,1.522365729097688858e-01,1.524277525593808469e-01,1.339398507715672815e-01,1.307858164657562106e-01,1.211552339182459803e-01,1.589613744943465523e-01,1.446988950687931597e-01,1.287895695075885749e-01,1.277292405756909610e-01,1.163552291611479605e-01,1.351385862789583336e-01,1.377720685015682567e-01,9.149390356479411568e-02,1.047115299917516507e-01,1.479616212757664251e-01,1.527929064758395961e-01,1.429987255248985345e-01,1.443801339205103562e-01,4.822186047843995960e-02,5.449321713912237686e-02,6.645558620555207241e-03,3.314488268444953922e-02,7.448460641962987606e-03,8.043862857363642468e-03,1.498358952580362280e-01,1.524225076163651937e-01,1.438989596670190163e-01,1.437011248305491706e-01,1.488689265811994900e-01,1.405624181611503654e-01,1.536487294496970968e-01,1.542599457910009686e-01,1.527513442428552193e-01,9.868399887954444616e-02,6.589120439521084505e-02,1.531294702888258974e-01,1.551633424761091617e-01,1.540519888903376655e-01,1.506354232161910278e-01,1.537737985756619519e-01,1.531575055905985416e-01,1.469168712841706359e-01,1.526885335221521423e-01,1.547119156682634500e-01,1.536687272670811399e-01,1.509050735507328767e-01,1.528927578078876359e-01,8.322189895017670369e-02,1.510000823966752559e-01,1.556462605619799711e-01,7.554836699061677485e-02,1.484689690596351641e-01,1.536260921042092442e-01,1.537282298575338713e-01,1.530546759117853983e-01,1.532932156678893931e-01,1.544165431094653151e-01,1.472177476066008073e-01,1.522033132303704239e-01,1.525416578221788777e-01,4.273301506880007594e-02,1.528542453640415744e-01,1.523969641665003372e-01,1.513508844467582326e-01,1.498293961482871084e-01,1.431469885327955882e-01,1.535659714303752588e-01,1.532034698400305262e-01,1.535299662062862280e-01,1.527022620338240044e-01,1.539666526645523947e-01,1.517367499561758093e-01,1.508943480284286598e-01,1.526595163617388007e-01,1.480955994711937174e-01,1.473730450567669048e-01,1.481727203502627155e-01,1.435045343569755771e-01,1.461199999860990084e-01,1.516672008058672916e-01,1.209311317188131590e-01,1.121208864496916896e-01,1.027338105685095954e-01,9.976291552890334535e-02,1.434910083748117404e-01,5.790424613157984374e-02,7.455735867852752996e-02,1.283619612697326218e-01,1.019308663749379090e-01,8.553611202073398145e-02,5.222575651080403614e-02,1.473200914326441013e-01,1.537227088639944172e-01,1.070872093141862214e-01,1.190222275321703854e-01,1.224036132868725341e-01,1.225549733523148555e-01,1.193475751142796248e-01,1.490810942145028017e-01,1.483118581941531566e-01,1.535481954556449646e-01,1.527078672912016710e-01,1.422655552699042536e-01,1.513095426895254281e-01,1.190990096056241954e-01,1.415574158749373923e-01,1.500513003274591695e-01,1.537388442880520678e-01,1.332434460168307466e-01,1.307546170595400847e-01,1.502926738286327613e-01,9.839652825398953126e-03,1.356621048374150318e-01,1.218430282240703239e-01,8.718830031320497220e-02,1.470643622508853721e-01,1.348097733292572264e-01,1.218573538306516879e-01,1.507409894878659895e-01,1.425687456616231419e-01,1.533946854608380650e-01,1.168807892942114873e-01,1.426610060234023702e-01,1.473027306197362551e-01,6.081939226465221671e-02,1.453183937360074118e-01,1.144297482583834930e-01,1.532561095394578132e-01,3.283972568035972012e-02,3.319906268152957723e-02,2.913939139216757679e-02,8.392074935287506532e-02,1.540379070128324868e-01,1.411728923571242689e-01,1.458206277623550762e-01,1.439115439846835598e-01,1.524866999350422692e-01,9.501415036932539526e-02,1.123789212434982837e-01,1.535176164042970914e-01,1.524275188281764559e-01,1.531351658300920959e-01,1.531602936030483642e-01,1.530213556554895493e-01,6.884775356977317073e-02,1.525339749715916571e-01,1.544442459360344244e-01,1.533963328555570660e-01,1.515432960934046669e-01,1.527956686096363093e-01,1.475873618134480869e-01,1.527100193389428207e-01,1.531206154445199086e-01,1.509112724012870721e-01,1.536191288534410337e-01,4.465454746622207066e-02,1.546235700993973672e-01,1.515157584907745048e-01,1.557265838631058108e-01,1.538754387506318100e-01,1.534592934389466812e-01,1.533794302399577592e-01,1.479720524822880912e-01,1.508099769709498605e-01,1.537277853187339061e-01,1.535061712997504990e-01,1.546640596329010853e-01,1.524121825925655871e-01,8.545429284119966662e-02,1.209336615697944456e-01,5.063170053156262895e-02,1.013043855244102204e-01,9.106453760025823296e-02,5.588564051492242446e-02,5.363343918618224820e-02,7.168748831575257052e-02,2.752571821770163213e-02,8.903748163180913444e-02,1.798842100634249347e-02,2.197101757148227016e-02,1.393656451968659782e-01,1.361764994477994151e-01,1.405301508046047920e-01,1.074408974038642134e-01,3.436452842911139755e-02,4.257746724314873804e-02,5.954039096375156326e-02,2.224441361349593915e-02,9.996201855491135269e-02,4.364352567253947796e-02,6.386858879353551378e-03,6.717181769440545847e-02,8.036095914391289119e-02,5.570713645944778275e-02,2.437106945569889049e-02,2.307656338763338852e-02,1.323049407421292012e-01,7.890012354922461280e-02,1.191133235414167241e-01,1.390041779506134001e-01
2.638952176848738951e-01,2.217182107312445360e-01,2.705757757783426309e-01,3.073894382010889381e-01,3.152974250876935391e-01,3.122990062349358387e-01,2.423759577795369657e-01,3.124459292356425721e-01,1.114003905992168031e-01,3.070189878553785112e-01,3.047814213489870583e-01,3.096247923770703014e-01,1.718079594732912774e-01,2.961914945978541547e-01,2.928976737933554619e-01,3.013941317078255855e-01,2.813046128036982285e-01,2.518670039783898473e-01,2.937635985947140704e-01,1.380303456592042732e-01,0.000000000000000000e+00,5.304475804708182890e-02,5.125839018206352488e-02,1.251697318438533268e-01,1.479888370722095836e-01,1.394520311855614592e-01,2.737235241832723376e-01,2.298199193976819821e-01,1.138558687230783739e-01,2.609117282796937776e-01,3.111843967032179026e-01,3.154406580966370166e-01,3.144757716488544297e-01,3.155194606095697574e-01,3.044939914158316108e-01,3.046681071009193498e-01,3.029041918398016064e-01,2.272945442306308628e-01,2.869154658508041300e-01,2.763739781570070386e-01,1.210453478643807174e-01,1.678772405652632360e-01,2.521446122426245218e-01,3.055867847532573456e-01,2.412747929330626151e-01,2.695920606538705910e-01,2.361513194764844892e-01,3.016921369842935352e-01,2.355202484094154614e-01,2.916663728539765077e-01,4.824847670119199877e-02,5.082058147252151159e-02,3.503058300289953360e-03,2.789516570031038215e-02,5.647921708400837314e-03,2.266265523108039904e-03,3.098847836765275532e-01,3.072379597204134560e-01,3.101382144629598048e-01,3.067273187966261805e-01,3.100844153333023878e-01,3.030847176004511923e-01,2.705134349585642251e-01,2.976075979237072788e-01,2.465211290084066975e-01,9.918798429744660194e-02,6.116024555957016301e-02,3.044650897129948519e-01,2.953909200741566266e-01,3.124082264487154648e-01,3.096575481260328555e-01,3.075585175237823266e-01,3.130862313993426072e-01,3.057767944938480364e-01,3.045440190273067671e-01,3.080352540972041142e-01,3.060212620437101072e-01,3.084350184948171369e-01,3.020648751828340361e-01,8.153488359333586899e-02,2.032760089182143737e-01,2.834907148517051834e-01,4.649900579215667656e-02,1.336193624637690980e-01,2.270941440778888321e-01,2.342446600094636733e-01,2.734113918385742692e-01,2.827547143557839204e-01,2.971519729186101744e-01,2.997796904659961181e-01,2.652239783935301243e-01,2.494815350460642678e-01,4.052230727133485783e-02,2.466066790969878297e-01,2.077601231783082758e-01,3.114761040924385327e-01,3.050680216919019472e-01,1.500521804928208469e-01,2.195169836194897639e-01,2.813250767154711340e-01,3.085169281134746977e-01,3.116808648687404704e-01,3.061010079778134774e-01,3.122979149004277422e-01,3.143245792241324277e-01,3.114811363164216029e-01,3.101190164720813436e-01,2.869049698232619128e-01,3.089171587931425211e-01,3.073246067589043284e-01,3.067473028818458181e-01,3.055636188453660362e-01,2.323326739330156820e-01,2.839225656792980224e-01,1.392949154222585528e-01,2.141743886922578555e-01,3.065038481799700065e-01,3.060834232336047678e-01,2.018466919659428760e-01,1.683251427302581982e-01,9.204365729955098219e-02,2.845140706321324098e-01,1.275458292308896957e-01,7.237225245063445833e-02,1.532358517237358275e-01,9.160949626527052636e-02,1.781436903362530744e-01,1.545325461306794046e-01,1.170771039890071696e-01,2.880699057284706321e-01,1.655667563766018424e-01,3.138767748445977501e-01,3.167074909601298449e-01,3.169559513587369426e-01,3.147679334122051031e-01,3.144127460729721490e-01,2.836950101018744785e-01,3.117718423045979237e-01,3.152675144687563380e-01,2.665708701534483249e-01,3.010358357426960452e-01,2.535687659319802445e-01,2.939814007050597366e-01,6.316891015792113102e-03,2.514258562710943237e-02,2.337560147129900956e-01,2.813944179719903849e-01,1.485184034961151700e-01,3.123189518980744595e-01,2.081507661864868131e-01,3.091436783498737184e-01,3.118699000450309011e-01,3.151154824090214857e-01,1.138012284018173476e-01,2.953450207478451883e-01,3.046160699731679800e-01,5.812458787600196380e-02,1.378653032279711366e-01,1.110266344786004222e-01,2.887046977696433592e-01,3.129770625230172271e-02,2.703289213641617630e-02,2.537295357833675019e-02,8.632530587441591963e-02,3.158395372174637172e-01,3.085889178693979051e-01,1.902260046235356716e-01,3.000698631276346728e-01,3.125519332502682546e-01,9.417291686906299752e-02,1.061249899582229483e-01,1.842258311679554617e-01,3.110515633640293931e-01,3.145710263490537062e-01,3.131480578593613950e-01,3.132095386020859462e-01,6.645157541936895507e-02,3.148036087171763309e-01,3.104707882025906085e-01,3.137809674966771101e-01,3.064848800926205930e-01,3.106809758559006540e-01,2.864022472167093714e-01,3.150373968749700104e-01,3.129709827109870557e-01,3.063807278386808108e-01,2.573584712234526783e-01,4.526610173406440951e-02,3.129064369071752338e-01,2.996051167685029326e-01,1.829409523642072932e-01,3.109749200477870401e-01,3.067900452745436768e-01,3.156744156500193577e-01,3.062743713745111340e-01,2.541738251373746316e-01,2.766111730499141719e-01,2.890930429967764059e-01,3.107453978789664339e-01,3.010079179846169017e-01,8.012637098134460512e-02,1.149750659330442543e-01,4.724325986862764476e-02,9.273125696652213812e-02,8.577132379324252376e-02,4.963875295039662378e-02,5.780048850423628176e-02,7.987494265032360485e-02,2.363622358820766101e-02,9.431309853318337044e-02,1.670370627081897014e-02,2.312042169925353219e-02,1.529428352515550260e-01,1.585660900751320324e-01,1.980953775500399749e-01,1.020309383738073616e-01,3.408403488680555871e-02,4.036744716811773576e-02,5.144928260962971373e-02,2.018034577804620269e-02,8.210980930690781054e-02,4.145022889436550395e-02,6.252857514682287794e-03,5.951800696693863857e-02,7.814473731331809947e-02,5.481111119849917113e-02,1.908792225023724434e-02,2.219203115111943042e-02,1.616494761297808391e-01,6.566820911969253882e-02,1.018833005884007409e-01,1.605656907415190238e-01
2.665171523229725725e-01,2.213723958040570428e-01,2.811726799051348369e-01,4.912385621957895965e-01,5.013071273661051652e-01,4.366875194930934234e-01,2.457167767372967493e-01,3.558807297368590805e-01,1.145718739973896200e-01,4.116753336048509238e-01,3.988739498601471256e-01,4.756454200535162880e-01,1.911880976138727595e-01,3.306870287188800051e-01,3.945777151760745394e-01,3.268318157306014382e-01,2.934306355467373173e-01,2.540597201891536816e-01,3.014427409254541446e-01,1.501846328758756621e-01,5.304475804708182890e-02,0.000000000000000000e+00,4.133625388931619349e-02,2.631965836663268110e-01,1.777445780517759588e-01,1.243610331847110062e-01,3.281927758590229560e-01,3.044228933710389495e-01,1.160720589485125104e-01,2.616429153650772776e-01,4.907481049677009932e-01,5.024513223211714008e-01,5.014626952327427833e-01,5.001355203150225082e-01,3.182450269716091684e-01,3.794609262755871959e-01,3.914782457461534193e-01,2.281439906223729774e-01,3.620416479584598890e-01,4.594171852760171038e-01,1.722572379130431763e-01,1.755924746654770607e-01,3.696522048790691906e-01,4.290043680643826907e-01,3.549776332284382274e-01,2.710009993092152847e-01,4.350920839122407457e-01,4.289222764201845450e-01,2.554013544320628548e-01,3.280525931598938238e-01,5.152465101941126197e-02,5.283549858965515267e-02,7.166411946117649638e-03,3.256955091182750506e-02,7.215296229695499983e-03,4.510836004019436532e-03,3.561510101497171177e-01,5.025330275085675424e-01,4.639990325027940621e-01,4.989968651809554290e-01,3.612902143353854401e-01,4.871921928284277392e-01,4.479223346968472796e-01,3.527137617807152292e-01,3.706900554784985924e-01,1.056888687016817041e-01,6.475135635305254156e-02,4.998451319319472952e-01,4.767199388590141473e-01,4.460137172402612871e-01,4.900928674039320976e-01,5.003671048296696178e-01,5.000250925227144316e-01,4.085726518620659831e-01,4.945456792671539259e-01,4.673048000341670227e-01,4.959238087622725999e-01,4.226741260756932683e-01,4.952828267559775677e-01,8.428022920659519746e-02,2.045774011690743577e-01,2.937344069845692629e-01,5.994762268053901999e-02,1.417734738245628734e-01,3.723973951982915698e-01,3.937997874665244979e-01,4.650204332516672534e-01,4.703961037732138917e-01,3.741270901162968010e-01,4.800932087674389392e-01,4.199650806500221378e-01,2.709182388538110553e-01,4.187538828640673810e-02,4.109142217182157886e-01,4.102983393359991848e-01,4.822440849510701844e-01,3.670959805172946955e-01,1.543883800831262199e-01,3.359935523814370217e-01,4.656612401710027993e-01,3.134684790374265284e-01,4.049648224267690111e-01,3.845015854519038823e-01,3.434192870493294469e-01,4.518757770363470150e-01,4.981502384134307571e-01,4.043044573532331709e-01,2.956774595995313448e-01,4.994310809530627115e-01,3.122635859561513905e-01,4.347539219194916926e-01,4.221017873432115208e-01,2.664900565001250832e-01,3.059145626950490193e-01,1.450185850820560618e-01,2.164490666151145104e-01,3.041571679463790367e-01,3.355162552980021085e-01,2.144104719202945819e-01,1.682377855372280684e-01,9.474518227995867847e-02,2.922560467025918096e-01,1.368217487764644691e-01,1.008109816199166675e-01,1.827331217817388109e-01,8.721940234311681417e-02,2.086133799269695444e-01,1.470054710279328491e-01,1.703281585319059710e-01,3.653723107031915385e-01,1.688318907271759428e-01,5.003637230100440592e-01,5.027445650908014541e-01,4.655391351145349299e-01,5.029151798307587296e-01,5.005756296861461063e-01,4.694511740349779361e-01,4.860175141463113357e-01,5.026814728888040484e-01,2.569367636028671020e-01,3.294643106798339494e-01,4.419667277385675996e-01,4.714877041969366966e-01,1.036042654785551687e-02,3.460396929005432609e-02,2.845032818079116232e-01,3.946663210037366087e-01,1.525967986937393217e-01,4.052355032537728330e-01,2.096592567363743664e-01,5.004858341280230549e-01,5.038913808292307950e-01,4.814870502717235046e-01,1.168107384320263009e-01,3.288732595796902136e-01,3.735841834011515705e-01,5.964825588878519547e-02,1.377651903783506104e-01,1.127277883100581829e-01,2.881931198920677506e-01,3.693868466532829881e-02,3.121429420187890255e-02,2.712687132160788647e-02,8.732392866880678284e-02,5.028494444897424476e-01,4.982543432743551937e-01,1.895499996636687834e-01,4.978215717845991817e-01,5.034684463947739497e-01,1.009903557138877306e-01,1.090954246018360912e-01,1.856384687273525957e-01,5.023600019301456276e-01,5.035249699075173835e-01,5.021312665784403162e-01,5.017973638468292696e-01,6.813368087992018041e-02,5.020527425698456669e-01,3.477004198871495588e-01,4.600742134843699427e-01,5.004250853199849747e-01,5.008034970620434123e-01,2.897286926451793643e-01,5.019901932979601300e-01,3.933447837171364925e-01,4.986872765343571823e-01,2.620376869546512943e-01,4.599704066523536278e-02,4.976909842229792491e-01,4.108462770522264829e-01,1.823396630962731690e-01,4.172301485919340802e-01,4.959032859274142280e-01,5.035265086001599055e-01,4.339872500925719412e-01,2.594842746970590364e-01,4.633654664570397985e-01,4.660213850059408136e-01,5.048775252669155389e-01,4.924281246026590009e-01,8.256172798448178918e-02,1.223913436881700484e-01,5.057728937107117129e-02,9.906716907084901769e-02,9.096314690338792863e-02,5.343074140426661706e-02,5.958126043562510243e-02,8.085269241607868917e-02,2.680326256574951799e-02,9.778104552392181958e-02,1.837143075675132242e-02,2.288383623528024435e-02,1.569142370601897540e-01,1.701576026681258236e-01,2.038269191738328601e-01,1.024491018943253923e-01,3.886039915987173077e-02,4.294878072430385885e-02,5.910981589762401983e-02,2.138595136415397113e-02,9.860162861301087489e-02,4.995415354553321002e-02,7.063199835000619903e-03,6.392592566022257949e-02,8.264855660157525985e-02,5.798715914109880271e-02,2.084173565999564853e-02,2.143931517685584640e-02,1.809537446462387011e-01,7.728745859242916461e-02,1.149072370604727333e-01,1.711578406887568349e-01
1.325022409779819388e-01,1.407206855753140862e-01,1.203001100096585396e-01,1.303529161956534788e-01,1.390510232500289656e-01,1.371829287407629328e-01,1.309981127267930978e-01,1.359721806971560532e-01,1.093981727863438669e-01,1.306005503722565408e-01,1.255174787998175057e-01,1.357407256842356469e-01,7.534621594556292767e-02,1.111013318083602930e-01,9.960917378192889193e-02,1.065778550172267469e-01,1.013200637766621948e-01,1.137180636648506826e-01,1.146187089958416311e-01,1.058372433330681400e-01,5.125839018206352488e-02,4.133625388931619349e-02,0.000000000000000000e+00,2.526998015235289510e-02,6.515056550163191018e-02,4.818054363124192607e-02,1.044483580368296693e-01,7.994659326796489662e-02,1.166924155098903182e-01,1.404957578826307729e-01,1.391398767462561636e-01,1.389274027681818846e-01,1.398920588134215937e-01,1.382145375015729205e-01,1.186972026567163357e-01,1.285203707447496180e-01,1.212733616975581463e-01,1.242450897098736351e-01,1.249611197529956336e-01,8.903480611870169537e-02,6.503081746736964763e-02,8.604715402133339408e-02,9.354272019424009210e-02,1.167278811648647385e-01,5.941091579362169084e-02,9.092854429201124855e-02,9.850388977271563873e-02,1.385485756838381599e-01,1.160779962690209194e-01,1.156370886677962062e-01,4.720158559546710347e-02,5.465178292027952911e-02,5.441053147206040275e-03,2.757008459335217460e-02,7.297005780530044748e-03,4.607997150943945672e-03,1.368832412786673558e-01,1.343381439079091300e-01,1.319545818119348679e-01,1.205460679867574880e-01,1.319238898068593735e-01,1.221923933672997564e-01,1.307975355854900101e-01,1.283559183321759389e-01,1.233998112436643091e-01,9.268853870932293459e-02,6.355722107546211974e-02,1.389422809740595566e-01,1.364892204700312583e-01,1.408355551317184151e-01,1.385672042212303112e-01,1.299081445270872937e-01,1.382589611213570491e-01,1.276123931468746142e-01,1.396780348181874964e-01,1.371782397422861288e-01,1.393712359908344245e-01,1.360628883573253844e-01,1.361784153111915696e-01,8.326493415492658423e-02,1.393213167090042170e-01,1.380430443013168362e-01,7.466241020355575408e-02,1.365205496894379700e-01,1.325478788276640008e-01,1.344659809704827902e-01,1.393020387098301838e-01,1.375080073620545129e-01,1.397972904077745826e-01,1.282571377116470679e-01,1.317336383199984862e-01,1.297314099597675907e-01,4.260335064690649876e-02,1.334827356568018264e-01,1.194196732337898942e-01,1.361793898669983738e-01,1.298159745550722943e-01,1.302993340779337872e-01,1.253714440362787286e-01,1.389784585433417874e-01,1.379136462556186105e-01,1.398324252982309779e-01,1.386130535226400284e-01,1.403400816977529719e-01,1.384927019352081012e-01,1.361992508478824249e-01,1.306211126499580433e-01,1.267295887083750017e-01,1.325920939430716705e-01,1.304442251394768437e-01,1.320003452418243295e-01,1.300408650538181499e-01,9.529262818574206484e-02,1.045849465489825797e-01,9.433366612831828313e-02,1.289736711216876996e-01,1.353954126833146199e-01,1.238053014904251514e-01,1.144357105376909017e-01,1.258824412758764999e-01,9.282137292489428537e-02,1.228366384298184566e-01,1.152493125095578330e-01,6.674768650058636454e-02,1.084165378208552105e-01,3.701575526512596026e-02,3.596625229801410362e-02,4.719725915755952628e-02,3.098293606452327473e-02,1.124830171559322439e-01,1.378151158585776970e-01,1.362476593665940816e-01,1.391270596200283316e-01,1.398199156390796116e-01,1.343247832886657056e-01,1.399943729023837291e-01,1.044530154258636045e-01,1.358614461212647451e-01,1.375379170226067038e-01,1.310151957849363669e-01,1.177201662961215450e-01,7.537399931385015128e-02,1.334308894345388186e-01,6.556875630122030278e-03,7.550125014597146300e-02,7.240480803199077220e-02,7.807022201859348254e-02,1.280436613227009524e-01,1.229171755810016392e-01,1.224100645512914143e-01,1.361385903291280619e-01,1.262420810678379635e-01,1.397721757606776305e-01,1.122703695937937729e-01,1.195907729958152615e-01,1.231103366292712747e-01,6.081333812630253244e-02,1.337348814472328340e-01,1.147075985128521436e-01,1.413045326104279409e-01,3.582897655899057454e-02,3.380626614249923612e-02,2.715522490892319923e-02,8.790395416335909651e-02,1.388759687883085736e-01,1.256850221315343741e-01,1.371291255291677280e-01,1.160631524163359407e-01,1.352476225130997967e-01,9.295910307570809383e-02,1.122804581687883996e-01,1.354993029447672803e-01,1.383585572250093654e-01,1.367869909044039933e-01,1.404954319911596305e-01,1.383991502710611998e-01,6.895120296518118808e-02,1.382912599762322059e-01,1.395445320734867711e-01,1.365675936347150732e-01,1.357237202912950913e-01,1.382894410243650507e-01,1.315961723410040418e-01,1.405085300998361320e-01,1.376185890841393478e-01,1.366587187403959514e-01,1.337880091217120704e-01,4.478778046618119013e-02,1.396524662262765837e-01,1.397414886812583801e-01,1.401593544032693761e-01,1.404752010433342468e-01,1.396813315393099775e-01,1.394463375898353785e-01,1.321010664539709334e-01,1.322683156511371139e-01,1.393621300088538073e-01,1.385843330531789652e-01,1.389346898474261016e-01,1.357247481007523571e-01,7.968011494280742568e-02,1.188711048128322928e-01,5.015576749858197819e-02,9.753916934023507124e-02,8.291404486558831555e-02,5.236711732540066250e-02,5.844703577818965989e-02,7.719882268554977001e-02,2.378685507926011494e-02,9.202953913727635049e-02,1.817161936429134012e-02,2.159268944611236751e-02,1.172391268015732235e-01,1.082726461150521902e-01,1.229628167853257237e-01,1.009540729235566536e-01,3.836064977787103508e-02,3.899440673323751466e-02,5.579600988240639159e-02,2.094147863297473808e-02,8.776665274024049446e-02,4.617087828151036910e-02,6.636448603191631712e-03,6.542423473795649924e-02,7.999222847001738468e-02,5.308435956922778060e-02,2.167492262631088781e-02,2.305544970617814243e-02,1.146599526863121138e-01,6.661323432219788676e-02,1.071226563249609715e-01,1.228335557609870898e-01
2.733678235374926713e-01,2.259614845938860694e-01,2.668877701872987007e-01,4.376186252231386020e-01,4.425526721984461842e-01,4.401087397812475377e-01,2.424646504668546421e-01,3.517332443973359979e-01,1.090466027910878127e-01,3.992905354337309975e-01,3.730346325939959407e-01,4.354760536188394537e-01,1.387042796445554504e-01,3.317494725961738777e-01,3.375403816921659361e-01,2.769889113862808450e-01,2.174134485249216431e-01,2.201594353403454052e-01,2.702300324080063598e-01,9.246178714621983152e-02,1.251697318438533268e-01,2.631965836663268110e-01,2.526998015235290204e-02,0.000000000000000000e+00,3.378238792966431481e-01,2.405238021372495608e-02,2.984248357949468300e-01,2.738280620539171317e-01,1.180296112266613767e-01,2.594604348067668376e-01,4.436742362679133023e-01,4.426115760269134780e-01,4.420155780580602989e-01,4.437659365624508356e-01,2.851800570941706026e-01,3.763009737075605488e-01,3.622736051624618203e-01,2.115495277195469370e-01,3.726224351952210356e-01,2.741706383258667445e-01,7.391119540966158141e-02,6.839313344286264418e-02,2.776545782037986299e-01,4.074660474547079914e-01,1.814435242364324241e-01,1.807947192851133977e-01,3.463665979742326373e-01,4.289719002912619761e-01,1.992584711924311192e-01,2.897501490492739862e-01,4.686655909715406465e-02,5.478301030645651298e-02,4.286302157512445442e-03,3.016122465732021252e-02,3.681005674252946225e-03,3.478288031027552008e-03,3.354260969807963955e-01,4.367032432167574640e-01,4.236102833607990337e-01,4.122429367292939073e-01,3.607667127816663322e-01,3.990323687806550113e-01,4.326398551851379781e-01,3.482533918183678412e-01,4.212697535895382206e-01,9.298385564330204078e-02,6.377344938233131533e-02,4.370590909396208090e-01,4.376424746954775125e-01,4.412745068904729839e-01,4.399767060664863672e-01,4.305371738024583173e-01,4.428046257126247998e-01,3.914521662804459901e-01,4.443498824665764180e-01,4.419402802826774557e-01,4.442642673942585607e-01,4.138913780154098165e-01,4.419886540077059278e-01,8.464282010759960340e-02,2.062763309267462708e-01,2.931997048365790892e-01,7.005502158245019428e-02,1.436889554572756411e-01,4.323778251109414716e-01,4.321006806936640299e-01,4.415126638552880900e-01,4.425052672668469689e-01,3.917116685178079760e-01,4.225698487878664644e-01,4.215251080857159161e-01,2.789382387233390603e-01,4.122278210592712072e-02,4.240111419593485809e-01,3.950936634165945205e-01,4.409350062698513817e-01,3.567559891157552898e-01,1.501842524119570976e-01,4.229679095219754381e-01,4.423530995721245973e-01,3.166481587421836053e-01,4.134527672633233619e-01,3.874358778588613550e-01,3.456492219644721753e-01,4.426056340186541038e-01,4.424474627718393838e-01,3.970329153064065530e-01,2.858240232626160227e-01,4.332286094507175611e-01,3.004596008828052112e-01,4.191303443560910336e-01,4.156805406193669894e-01,2.430861868741449883e-01,2.679322235151299636e-01,1.209188262941672531e-01,2.111467983995141962e-01,2.839312578225010597e-01,3.194627348575544423e-01,1.850857774064382510e-01,1.649012342132187003e-01,8.461316293249296350e-02,2.880727814795746022e-01,1.134839840661039934e-01,2.850465419572374981e-01,3.719914309882375592e-01,4.080718518085192648e-02,1.624374097505049408e-01,3.387766489065952014e-02,1.235528201200820492e-01,3.381494627295194566e-01,1.661449216197415368e-01,4.417889747559365921e-01,4.422052789171774800e-01,4.432532388284535774e-01,4.328147124623532016e-01,4.323371938828325378e-01,3.443537387456050425e-01,4.403505651793884201e-01,4.414362711803102579e-01,2.425999070906675048e-01,3.115058109311155121e-01,2.945331600518636406e-01,4.375181732082090158e-01,9.711608812216361922e-03,4.295711922919150105e-02,1.357895864314067891e-01,2.660716026964405345e-01,1.500388882051092443e-01,3.763360124820624431e-01,1.688615262429959130e-01,4.374979620181606577e-01,4.048640026451025276e-01,4.444499301579963313e-01,1.147816701315758497e-01,2.983290638747855272e-01,3.468154740411874548e-01,6.199350725992266997e-02,1.427859601599615058e-01,1.154710484823190664e-01,2.896495210436558221e-01,3.634008205694544413e-02,3.299386869476755163e-02,2.634979248720206030e-02,8.765442654218881524e-02,4.415131808723062878e-01,4.049539655218193923e-01,1.877055561405266138e-01,4.085703486086740832e-01,4.408729912300398679e-01,9.227861830194561410e-02,1.135227912136116124e-01,1.842686435209255069e-01,4.428338886046741529e-01,4.351947563790236617e-01,4.437700441287127928e-01,4.444769860877877399e-01,6.851091854048173280e-02,4.416474781344417178e-01,3.495552007551109286e-01,4.410117712368484821e-01,4.323053792228416237e-01,4.418009290426122559e-01,2.809883905054421094e-01,4.356486742391483258e-01,3.926640875650877494e-01,4.385446031960390512e-01,2.600306927481982888e-01,4.199322340040161083e-02,4.394449245851950736e-01,4.328080812147481193e-01,1.871930093818761354e-01,4.236138116498967543e-01,4.422048154180677204e-01,4.416205762295148940e-01,4.269900674823868814e-01,2.565506652202603766e-01,4.416538179093358329e-01,4.444421581684362410e-01,4.375099844431679652e-01,4.445372205905788188e-01,8.181466653532433464e-02,1.177214284313168602e-01,5.025885333832643548e-02,1.008267979245957013e-01,8.649188882324548855e-02,5.188045984759538654e-02,5.192233394907450755e-02,7.675915600532948191e-02,2.010198072473662681e-02,8.758223923090438512e-02,1.481355807365460249e-02,1.904891225049012635e-02,1.414722295600443214e-01,1.252943256839402775e-01,1.929152923017949939e-01,1.022804184340948275e-01,3.753984768227869306e-02,4.238156637362044954e-02,5.510503914829199823e-02,1.916317638940869678e-02,8.970533708561478914e-02,3.920944068263351040e-02,4.508031213996837629e-03,5.708407092322335952e-02,8.278897411845910492e-02,5.356407470825501338e-02,2.017945556729587933e-02,2.194107955263845111e-02,1.499546968699609906e-01,5.109899433629576382e-02,1.111890931012680939e-01,1.674485311441825663e-01
2.436737391658931606e-01,2.278980449281114151e-01,2.600974305431028588e-01,4.173093246350214613e-01,4.211989921156467087e-01,4.174871500891055298e-01,2.379269190842492887e-01,3.459505188615711879e-01,1.081483550469253818e-01,3.959467211298784983e-01,3.911127302213719403e-01,4.280058794342885276e-01,1.772979152213405296e-01,3.189806984276140067e-01,4.000528390080055341e-01,3.296049151133151889e-01,2.888610682273870522e-01,2.535247562504931440e-01,2.920263706892767264e-01,1.500626070051893635e-01,1.479888370722095836e-01,1.777445780517759866e-01,6.515056550163191018e-02,3.378238792966431481e-01,0.000000000000000000e+00,1.477731727927402428e-01,3.271216797865995063e-01,3.049755463990441173e-01,1.192422051879512140e-01,2.510966876890312061e-01,3.577486439355840875e-01,4.265258552200585918e-01,4.335303594837960350e-01,4.182953576411317931e-01,3.130335721274439265e-01,3.700056619878777098e-01,3.724607611228174520e-01,2.083663187365080161e-01,3.236985891581862229e-01,3.980360140717810746e-01,1.665293459266604381e-01,1.812116403810148935e-01,3.713288360704071756e-01,3.981997502877524520e-01,3.660143361427827258e-01,2.794640584091266367e-01,3.315346926305521302e-01,4.225022895484139562e-01,2.461705381062353482e-01,3.289046209380752095e-01,4.973379142586988738e-02,5.185945926113064153e-02,5.674038102495927716e-03,2.968082130327497070e-02,6.824160360725682953e-03,4.403057586255992688e-03,3.436102806969724699e-01,4.337373138048631893e-01,4.304054507696514209e-01,4.315082563140917316e-01,3.423474911857211644e-01,4.377074301171042792e-01,3.932174788333318571e-01,3.432981180546396671e-01,3.439464558186934307e-01,1.020010617812041470e-01,6.368463334103208195e-02,4.391048218756915533e-01,4.284231066262215171e-01,4.399729621643532207e-01,4.368214470711779263e-01,4.227022309948666456e-01,4.155243214766822235e-01,4.065211270181079417e-01,4.355712060113139938e-01,4.254206776033072068e-01,4.227718986548311131e-01,4.177084841205466748e-01,4.211307419300827082e-01,8.320576339631707841e-02,2.047415807165007262e-01,2.938793516197479305e-01,6.467059286138138186e-02,1.408283479381330916e-01,3.882516005871825548e-01,3.888767344295802064e-01,4.080916582259108694e-01,4.196333926926286706e-01,3.871524389791392573e-01,4.360010549108617184e-01,4.011042242618213516e-01,2.704526174087032997e-01,4.227478136667751907e-02,4.177562533294778557e-01,3.830218082811583935e-01,4.144562753148409717e-01,3.547780317005672091e-01,1.419612030473162145e-01,2.625815593331385367e-01,3.821340497771438249e-01,3.077934598743745642e-01,3.803725197094049992e-01,3.853515762220328100e-01,3.452933051910789253e-01,4.107818264923219775e-01,4.167361885068724403e-01,3.908445498515519811e-01,2.846414399577646970e-01,4.228225619321129836e-01,2.975814582341280157e-01,4.254768812426374947e-01,4.089366913725776542e-01,2.625843361210350446e-01,3.018193829131427530e-01,1.325931636827140936e-01,2.123261426384168427e-01,2.933423603302294791e-01,3.384690514466721090e-01,2.098886210828259657e-01,1.668531370836320304e-01,7.972470001135523177e-02,2.861698431298073109e-01,1.379280827057909331e-01,1.461133276663334202e-01,2.285037365756579231e-01,9.711646066343175565e-02,1.774193677479285469e-01,2.276549739188823140e-01,2.366866798320148568e-01,3.627762970317147118e-01,1.597105365313190584e-01,3.946987761712009157e-01,4.290454403631266400e-01,4.355725017161674595e-01,4.269283583196292753e-01,4.357721568053238848e-01,4.158108894965720781e-01,4.247546506361368768e-01,4.053959247227094109e-01,2.500918921596786970e-01,3.126895565643144081e-01,3.403657832477491874e-01,3.552471470330658132e-01,8.354857055595112103e-03,5.620062500915769255e-02,2.979146785763665539e-01,3.900979694963025990e-01,1.208404009798127038e-01,3.850851489631109681e-01,2.004144792227617322e-01,4.125822586027396710e-01,4.384303665934791150e-01,4.293323413678312717e-01,1.162803142903081760e-01,3.086472042135063321e-01,3.669302107222335296e-01,5.725020676551575982e-02,1.309958392220225698e-01,1.070889089713309289e-01,2.856636047618738572e-01,3.267422674348181844e-02,3.010161426303609861e-02,2.583288209684444017e-02,8.241610753910412479e-02,4.346804098387086479e-01,4.299963764723848114e-01,1.831031773072680502e-01,4.105738539507546303e-01,4.316811418131253908e-01,9.735179281518080430e-02,1.098404887468116403e-01,1.856183049388927531e-01,4.388134775952003408e-01,4.401756908240677668e-01,4.268113333562032485e-01,4.117596586726290919e-01,6.636176342124457117e-02,4.359565536515974671e-01,3.380862968112212097e-01,4.346892789650064204e-01,4.259032802927756878e-01,4.213486148250515928e-01,2.886099000339119036e-01,4.199426723245664461e-01,3.760717682779408100e-01,4.236881684682469174e-01,2.586775251668105291e-01,4.334812665917110730e-02,4.213651779451763058e-01,4.160264896168198723e-01,1.750994625941463823e-01,4.116014112825145954e-01,4.191712044745854460e-01,4.205023475184880288e-01,4.194125971705996436e-01,2.462270368325301106e-01,3.782228268148578043e-01,3.536168173914158164e-01,4.087444049772517296e-01,3.594383825699858370e-01,7.987213942496849961e-02,1.161721206956401603e-01,4.731662180269985418e-02,9.191478085410280385e-02,8.578509626400154797e-02,4.124786582592596812e-02,4.121804479077609273e-02,7.017598141292472058e-02,2.703695418106343354e-02,9.118665248108236143e-02,1.726785152541504206e-02,2.175194469510872280e-02,1.497747204187708792e-01,1.685430263398845774e-01,1.935837324808211690e-01,9.966958872129025315e-02,3.544251546019707572e-02,4.259570486731167893e-02,5.954006434980248230e-02,2.184627834962597770e-02,9.165832038433191498e-02,3.942325541665780281e-02,4.225842292588590995e-03,5.882464501049058242e-02,8.121441919759284089e-02,5.657530067833005383e-02,1.940970509178906872e-02,2.335784857088114841e-02,1.741996049694909676e-01,7.899489214218230471e-02,1.119225110835043030e-01,1.702261609740983728e-01
2.157917007286343225e-01,2.220198843776439446e-01,2.046660603799444478e-01,2.186877577117056215e-01,2.220185704535020677e-01,2.210935882373451511e-01,2.156555509786184655e-01,2.177656727774849033e-01,1.084645536054666820e-01,2.084134976038133635e-01,2.117078594071958586e-01,2.180237404632548448e-01,1.479896284105313431e-01,1.951832839666228503e-01,1.919064653255783959e-01,1.916596419685974717e-01,1.157713390487797450e-01,1.579810531878432511e-01,1.824604123123712562e-01,1.118655573394595759e-01,1.394520311855614592e-01,1.243610331847110062e-01,4.818054363124192607e-02,2.405238021372495955e-02,1.477731727927402428e-01,0.000000000000000000e+00,1.952630097701305856e-01,1.778451231991346193e-01,1.213443756621889608e-01,2.245096609334369386e-01,2.131705820242503768e-01,2.227508144466946172e-01,2.237997076994834023e-01,2.178389939909227968e-01,1.355025753992811777e-01,1.831720114151937362e-01,1.331690535007618303e-01,1.587937315561985807e-01,1.752528776931457921e-01,2.367013975174748694e-02,1.207416490901857126e-01,8.730643733209296486e-02,1.496054339327407556e-01,1.915671541794183863e-01,8.449535000441045496e-02,1.260003656939591432e-01,1.379726585003281658e-01,2.217676566053463638e-01,1.772020307981999332e-01,1.939316566558499932e-01,4.609948417192118869e-02,5.283941300238479549e-02,4.635299350050583848e-03,2.826838116094472844e-02,7.395706374022887469e-03,7.940842294036746379e-03,1.899948143189029159e-01,2.188890666112520422e-01,1.954344483962385248e-01,1.887856269097641926e-01,1.961271289852610233e-01,1.944728156494000826e-01,2.221879831168589725e-01,2.168978161875922128e-01,2.169400240633354848e-01,9.550431470997307326e-02,6.429782157556927780e-02,2.208460845642550574e-01,2.230172392194077757e-01,2.247896747909471915e-01,2.225533574147680327e-01,2.113293787152067393e-01,2.195790683806526089e-01,2.077076555876718744e-01,2.222754419179164276e-01,2.232748442094558416e-01,2.227044286970265019e-01,2.193769230598744679e-01,2.245212382660724537e-01,8.391285525326262762e-02,2.079058749432588504e-01,2.239179454433505301e-01,7.532077835438534541e-02,1.449311369791509152e-01,2.232909396562515192e-01,2.228082851721286672e-01,2.240605422011851811e-01,2.229414338772612858e-01,2.231674370884330905e-01,2.174580907922459561e-01,2.175612337091781812e-01,2.191635626720264962e-01,4.523263154780072376e-02,2.226177376176185774e-01,2.115798610298651738e-01,2.166733137496469896e-01,2.138686237404122392e-01,1.533826421677764729e-01,2.123352937251062611e-01,2.229102795991473596e-01,2.208545385872312805e-01,2.202542520274172189e-01,2.216836450714167461e-01,2.241582180255573820e-01,2.200281350028905070e-01,2.193281308047414224e-01,2.116897077377110081e-01,2.151894779044962180e-01,2.096286702055914219e-01,2.161767905779415910e-01,2.131934530717147225e-01,2.116205917979835649e-01,1.462197342973121372e-01,1.979303700656863119e-01,1.319390090777909363e-01,2.204559522762799817e-01,1.798893993034758609e-01,2.213296089921741594e-01,1.861655717311670455e-01,1.545097063116092073e-01,7.560415832360417587e-02,2.110685569190528243e-01,1.241044674448953111e-01,1.488361213882802292e-01,2.000596290067900296e-01,7.133782407949046389e-02,5.947870343911361435e-02,9.794192478839239269e-02,8.330699162337057428e-02,2.075426896631262508e-01,1.627233131568906199e-01,2.127398272803944779e-01,2.225905613427199559e-01,2.210591118196229554e-01,1.960363471761743248e-01,2.227212407948513107e-01,1.084580903089679416e-01,2.026299823858371263e-01,2.160693437959923802e-01,1.707910198166680549e-01,1.705860155204779183e-01,4.988619044906731498e-02,2.191015508154404157e-01,1.435315732756638381e-02,7.325241608895327605e-02,1.022030900915507079e-01,1.093405412915006286e-01,1.450401750677282053e-01,1.877865197171542933e-01,1.723909265311297234e-01,2.124836973205811441e-01,1.804423626888066734e-01,2.243671038969561327e-01,1.146816061634417100e-01,1.848751752135833482e-01,2.000762663948315867e-01,6.121084370244912753e-02,1.436499245019274840e-01,1.157263949892742283e-01,2.242245048743135294e-01,3.311869033128233414e-02,3.330904913405956236e-02,2.566384416070863900e-02,8.975383401444095299e-02,2.215496288982812811e-01,1.770397207201161172e-01,1.724896449298833900e-01,1.738032721967612271e-01,2.185838770916221641e-01,9.343565607713470722e-02,1.127845037065038775e-01,1.861854300974276066e-01,2.235225269371139967e-01,2.190692767424087806e-01,2.236138048239929010e-01,2.216746612605488553e-01,7.002411362421706587e-02,2.221898963757558410e-01,2.223782836125753337e-01,2.212697771587768536e-01,2.146459657268744992e-01,2.218064784613942575e-01,2.177908585972459787e-01,2.205253758193867486e-01,2.211143736794082826e-01,2.202772188893886152e-01,2.195638904433388772e-01,4.461366654297434925e-02,2.230191802359421105e-01,2.238114156682247946e-01,1.905413405708943353e-01,2.216109792079966057e-01,2.225816152657139890e-01,2.232177648915346924e-01,2.165479948280231715e-01,2.160823942344418103e-01,2.233912777324699450e-01,2.237939413479521911e-01,2.227148190678455708e-01,2.193065722667351114e-01,8.078772175793448584e-02,1.195747038039601945e-01,4.734621512624834216e-02,9.969397598524538939e-02,8.467783263563202767e-02,4.781313228665966947e-02,5.831960399072093348e-02,7.393686440539605498e-02,2.535472366646095155e-02,9.382212483945528980e-02,1.609378362866275072e-02,2.094275514461773138e-02,1.426387222195400761e-01,1.555533115605489958e-01,2.002299161639565506e-01,1.061960612652608910e-01,4.010131923146878496e-02,4.203990657929228270e-02,5.662203159854487661e-02,2.585535100663851824e-02,9.512024238356628358e-02,4.114947936809601470e-02,7.483069799497902956e-03,5.980901440047209361e-02,8.401448340413375515e-02,5.743168723486875848e-02,2.268221712408674540e-02,2.202369325376753173e-02,1.647772154378020770e-01,6.475118304754272358e-02,1.141961029795116461e-01,1.784274606835783983e-01
2.666106562370685884e-01,2.263669329579565959e-01,2.563685327527072122e-01,3.549615060971257341e-01,3.567197279618650740e-01,3.570113631998131920e-01,2.341289981601434311e-01,3.539423704778022484e-01,1.100231155515449810e-01,3.605756081363115650e-01,3.536097457724220461e-01,3.658988717762015619e-01,1.823558280147342670e-01,2.986015961774117211e-01,2.641060040725491387e-01,2.763386780425339806e-01,2.840172316689236753e-01,2.563139595092844836e-01,2.689946073449818731e-01,1.188266008053538852e-01,2.737235241832722266e-01,3.281927758590229560e-01,1.044483580368296693e-01,2.984248357949467745e-01,3.271216797865995063e-01,1.952630097701305856e-01,0.000000000000000000e+00,1.941005827095123315e-01,1.186709760576539069e-01,2.539465164107620465e-01,3.548651084197954053e-01,3.507814552772363093e-01,3.553792694053370949e-01,3.600327734920671374e-01,3.160267240202286887e-01,3.469029581353794134e-01,3.599035609918117551e-01,2.311659089668417211e-01,3.560304361480590707e-01,3.564812925389578280e-01,1.937436399720724733e-01,1.711561098849763984e-01,3.279602553180449576e-01,3.546004090757897131e-01,3.282111972766425523e-01,2.962656916465699064e-01,3.569559862900809621e-01,3.553165047065440785e-01,2.609770437253937092e-01,3.220450816943417616e-01,5.053031825592436271e-02,5.227648490038626361e-02,5.579056601807790006e-03,2.729997461923964683e-02,3.840796075482559926e-03,4.979523528393420620e-03,3.496652000843155084e-01,3.418980382467873835e-01,3.518117221203705403e-01,3.491085755497204124e-01,3.586714596022456125e-01,3.467675631650184997e-01,3.492885767074941916e-01,3.302548479317559127e-01,3.443568811287065490e-01,9.675432060501526488e-02,5.751686608851128146e-02,3.584416015610646378e-01,3.490050231164394390e-01,3.558740390479204208e-01,3.413823688911769016e-01,3.530598753765469833e-01,3.598762725494180637e-01,3.503864321953014116e-01,3.545648171866526144e-01,3.444255963810857191e-01,3.493652333715065450e-01,3.448399082904504143e-01,3.459348618172981560e-01,7.957862761273488961e-02,1.984907254454874037e-01,2.870318727469302056e-01,6.110543202744865565e-02,1.361981440691484302e-01,3.548994089999713553e-01,3.535332207337777422e-01,3.584102574659027707e-01,3.528669562202732535e-01,3.528635623890874484e-01,3.473233012042861723e-01,3.487589329792789572e-01,2.787629522123488690e-01,3.845312097438127047e-02,3.490567328735904029e-01,3.433794210173506389e-01,3.477061290394810045e-01,3.484259788337978336e-01,1.422496693410832680e-01,3.505795761357413109e-01,3.519774101265932265e-01,3.102910826000870870e-01,3.622997049204333964e-01,3.598444304923971715e-01,3.432943416810660953e-01,3.566606141987399003e-01,3.568214302614317601e-01,3.534529049791175770e-01,2.878204246036145664e-01,3.633209544058612628e-01,3.060965385916845083e-01,3.585059250405416287e-01,3.609493335427885197e-01,2.563414960967175804e-01,2.369956303504340278e-01,1.097522206202930506e-01,1.614047444907986406e-01,3.115643942247234288e-01,2.594598228806030416e-01,1.847522513488061013e-01,1.671977733085938944e-01,9.842950885911050385e-02,2.510403203793173943e-01,1.022787484168175970e-01,3.345533177889112308e-01,3.441089564198713258e-01,1.272826348852891254e-01,3.115241403472954751e-01,2.548807449344786535e-01,3.068034309869780429e-01,8.994645404198020611e-02,1.578488776929495296e-01,3.523163986636408396e-01,3.508776056327539417e-01,3.578422449164386232e-01,3.603397253031017100e-01,3.601046361895687276e-01,3.351480069433918629e-01,3.519364079645505017e-01,3.567084870232473670e-01,2.742971542087976888e-01,3.333810019743854158e-01,3.554300285177664498e-01,3.528862013674058939e-01,1.305164548057747773e-02,1.416014156999662321e-01,3.148968873110072897e-01,3.320815839778570866e-01,1.391658669101575596e-01,3.549186598183339814e-01,2.183533333190392500e-01,3.663448581144096994e-01,3.578395257081813940e-01,3.621063286930054637e-01,1.165800686258910979e-01,3.374936306744965586e-01,3.545606882314112362e-01,6.028020781008341933e-02,1.327308836400895309e-01,1.062493631791705390e-01,2.848633694883619949e-01,3.209972338551929372e-02,3.043604256488332063e-02,2.458310413405156991e-02,8.457348626920940804e-02,3.494497482016279966e-01,3.531058946245275165e-01,1.877218170259058738e-01,3.390227986815257943e-01,3.445842525666962808e-01,9.937725129114081957e-02,1.064212413217978520e-01,1.798031629498206829e-01,3.580972191763503454e-01,3.637280365086357214e-01,3.566099700477735612e-01,3.527342910696328326e-01,6.429260378140602694e-02,3.537306408325280871e-01,3.429813850407962827e-01,3.552462528368174333e-01,3.547960325798942272e-01,3.480782167364189217e-01,2.856990243975539023e-01,3.602230946426573932e-01,3.527217842134880432e-01,3.477914460437535049e-01,2.532595888462041422e-01,4.504170652949414377e-02,3.543742052750964988e-01,3.587308079363689672e-01,1.867590139561627338e-01,3.526696437474280410e-01,3.629146519850748875e-01,3.586061417504702309e-01,3.502660978639576261e-01,2.410790281396423818e-01,3.588771295559810559e-01,3.617146479123740099e-01,3.558395794858661976e-01,3.614583075039940474e-01,7.617750694743041784e-02,1.110948581834681065e-01,4.618218694294878857e-02,9.279801492266609442e-02,8.622248677784197235e-02,4.981105380635737073e-02,5.958961991410790388e-02,7.233304381870925281e-02,2.411589397137513940e-02,9.822735795880919996e-02,1.846986333977999536e-02,2.374921230417735563e-02,1.596687342043279501e-01,1.694444277826473721e-01,2.025075261448699426e-01,1.123255062409350968e-01,2.997598853376367764e-02,3.786927394252323498e-02,4.924394492959428132e-02,1.815281889981701716e-02,9.512940025910870956e-02,4.292157826130454934e-02,6.475806565013031771e-03,6.499841495615270304e-02,7.564673879056615924e-02,5.706270949538563841e-02,2.379123040723808355e-02,2.378016288054619898e-02,1.782264358021613537e-01,7.861386200504347221e-02,1.203870624461296363e-01,1.844895357477182307e-01
2.639968178120384312e-01,2.231582011447114100e-01,2.458865299353812373e-01,3.871098879021271921e-01,3.833299251446713463e-01,3.756845971826427988e-01,2.254331916102867150e-01,3.450530834288225712e-01,1.066804806421873947e-01,3.728855814403137514e-01,3.510038236891854790e-01,3.880877314244711718e-01,1.393028125084927737e-01,2.965509205484095356e-01,2.574692325722037212e-01,2.625391237855445592e-01,2.671042668695002842e-01,2.371220472027928405e-01,2.725858389649717939e-01,1.157431180656625508e-01,2.298199193976819266e-01,3.044228933710389495e-01,7.994659326796489662e-02,2.738280620539171317e-01,3.049755463990441173e-01,1.778451231991346471e-01,1.941005827095123315e-01,0.000000000000000000e+00,1.204409435056266048e-01,2.518347470430815083e-01,3.840261317594557688e-01,3.746891394110558049e-01,3.841192185952069793e-01,3.749583242543719774e-01,3.086905719614251864e-01,3.652542950460081483e-01,3.744262839829465284e-01,2.266192931392030097e-01,3.466387786880456012e-01,3.778242825825061657e-01,1.694331418642144871e-01,1.676475978303891834e-01,3.368575625850540045e-01,3.845843202987810350e-01,3.159896920068309134e-01,2.373329384624968952e-01,3.530551344124597812e-01,3.892465075240549299e-01,2.472634846931594244e-01,3.196128350990552480e-01,5.042372883796429617e-02,4.648457380596118793e-02,5.443663525469053313e-03,2.954612414328545641e-02,3.701078900558661504e-03,6.962131852652899550e-03,3.479143966064007776e-01,3.876852496760261890e-01,3.889835653335691479e-01,3.860279209437907921e-01,3.367321338520071761e-01,3.867671295177685931e-01,3.768649006189623840e-01,3.317633531367977784e-01,3.448004119447645177e-01,9.937906865624390740e-02,6.031577087459939757e-02,3.989780761937105624e-01,3.900667920422733470e-01,3.958211271841506895e-01,3.955254297753046377e-01,3.902832870505473783e-01,3.954685429574686939e-01,3.966437143871437421e-01,3.989710264955598218e-01,3.962638023916698060e-01,3.940150751283855168e-01,3.977581507575045361e-01,3.979520915039699291e-01,8.189792571692995626e-02,2.044780685904568629e-01,2.882925685302144547e-01,5.898751033548652739e-02,1.407779000028184513e-01,3.741281643387731615e-01,3.673694551147974052e-01,3.888858838707178189e-01,3.824939254299917213e-01,3.828440732789685774e-01,3.907548149389732384e-01,3.530567483600572376e-01,2.727712146284805850e-01,4.156016855829591794e-02,3.644979776751180456e-01,3.476553911255838569e-01,3.869216460056576490e-01,3.543365607819157215e-01,1.400746749807413594e-01,3.476978725803215875e-01,3.756381252604263365e-01,3.032945672731614528e-01,3.911608214673553685e-01,3.847109041629006576e-01,3.407948043648542091e-01,3.871321323399778969e-01,3.832780441203921251e-01,3.757975828085537984e-01,2.826890249430172863e-01,3.808885019021031049e-01,2.856778052203764462e-01,3.614711224707440884e-01,3.710424355862779744e-01,2.605863148043703337e-01,1.328355739416826053e-01,9.776394308172813019e-02,1.743978787617015691e-01,2.961544463792002979e-01,2.641653721607957195e-01,1.716318452651150739e-01,1.521155300079240491e-01,8.161718006807139325e-02,2.642360658404682705e-01,1.019608158656561125e-01,3.172608815381733338e-01,3.355777388804111472e-01,1.061002949156821806e-01,2.827460684495623489e-01,2.135428107286384269e-01,2.841405120539360341e-01,2.389698151613962596e-01,1.544837836383489982e-01,3.862560943140365688e-01,3.895178417968711004e-01,3.930669438563785256e-01,3.909282671927140074e-01,3.913376336837268155e-01,3.732232268783894358e-01,3.875926420193352984e-01,3.843283103148488200e-01,2.614779909560802640e-01,2.953636790035873427e-01,3.633680308428688943e-01,3.383376766877179698e-01,1.433610964469701592e-02,1.188203217494119973e-01,2.830641209156928295e-01,3.465830066460441339e-01,1.334374337711654868e-01,3.857501480166053986e-01,1.865614085819257695e-01,3.985746827043486484e-01,3.970665622568537723e-01,4.018860238364247994e-01,1.160309038279599414e-01,3.273794223946385751e-01,3.696237941926325266e-01,5.924551841154673121e-02,1.323297661113412849e-01,1.081323149885977386e-01,2.891775641075281511e-01,3.109715730863109318e-02,3.088207051028413544e-02,2.122750245642281847e-02,8.368106946977937888e-02,3.957158081647449421e-01,3.902316662649979451e-01,1.861266327445850466e-01,3.666309953289740298e-01,3.887208692372421948e-01,9.759500565217332779e-02,1.080030915794782109e-01,1.831472077753537597e-01,3.997606129538187614e-01,4.008945194423899627e-01,3.979467283673375766e-01,3.928229182019717380e-01,6.780299715405307959e-02,3.987744191013637418e-01,3.466983578461492743e-01,3.962734466558173740e-01,3.968396280053475000e-01,3.970640526677805537e-01,2.920736577219632535e-01,3.991604551914362253e-01,3.880478593130747833e-01,3.972475856169048192e-01,2.593005020782637726e-01,4.549046876179251714e-02,3.949651555391548441e-01,3.910162519349211219e-01,1.831923689306075020e-01,3.884136061924246541e-01,3.923283110569438792e-01,3.939594613076972673e-01,3.859719996662617780e-01,2.432476803650270025e-01,3.844012660961865779e-01,3.884140692371109149e-01,3.960130626670441689e-01,3.897427309204133383e-01,7.841484580073433686e-02,1.139672349894400027e-01,4.432816861964800764e-02,9.218643105840215735e-02,8.579541291587249041e-02,4.557261103545556108e-02,5.493370870889154739e-02,7.277564357380872373e-02,2.214619640474635096e-02,9.272845050450972959e-02,1.616282130776507120e-02,1.884405090756312642e-02,1.510871727393768016e-01,1.402830241839349013e-01,1.955851369852984467e-01,9.725194799509406796e-02,3.500950468622017475e-02,3.924025065944318491e-02,5.233365824478839606e-02,1.797815282555542335e-02,8.616026186652894769e-02,3.150078998591705759e-02,4.907740981277157466e-03,5.734610648919040432e-02,7.175540614816891538e-02,5.173950792791622705e-02,2.147944883046630851e-02,2.192119317117933314e-02,1.686739957137072532e-01,5.950103470586844134e-02,1.087133746764648023e-01,1.617995924833396659e-01
9.403554483973433631e-02,1.177602474199363897e-01,9.815589342406824680e-02,1.125749755461237928e-01,1.036187380540986719e-01,1.187539709292289164e-01,1.129155976107129172e-01,1.152583700810444894e-01,1.105193330384580952e-01,1.167020201746177266e-01,1.177022193722382926e-01,1.035625009042416000e-01,1.167418192332913274e-01,1.162408755119568038e-01,1.184120431101487458e-01,1.216493995529090433e-01,1.154974484412576025e-01,1.207843174097891908e-01,1.213373836142827566e-01,1.223355986605107193e-01,1.138558687230783739e-01,1.160720589485125104e-01,1.166924155098903182e-01,1.180296112266613767e-01,1.192422051879512140e-01,1.213443756621889608e-01,1.186709760576539069e-01,1.204409435056266048e-01,0.000000000000000000e+00,8.040858694887964564e-02,8.825298362465952562e-02,1.114768335465587124e-01,1.145652643511543833e-01,1.069907624887013187e-01,1.186273709399304904e-01,1.123524404738410060e-01,1.110391403104483699e-01,1.154321064806037439e-01,1.124333435027258937e-01,1.181382406327635554e-01,1.216383403839071536e-01,1.210165839855445874e-01,1.151358846128651275e-01,1.135799737630670131e-01,1.182312409331669895e-01,1.183885353759121656e-01,1.211615497606521319e-01,1.124584873829886089e-01,1.202828893621364914e-01,1.191295219928688726e-01,5.130179713193862984e-02,5.020233157849356836e-02,6.469923654874229317e-03,3.399895583906151209e-02,8.631464945132618152e-03,1.028850154603332644e-02,9.112834869963892803e-02,1.215969976656459395e-01,1.179623691114393136e-01,1.195198425043801083e-01,1.156354917391073378e-01,1.188240169248897526e-01,1.064853625314318430e-01,1.147325066264184290e-01,1.068969902001610933e-01,1.069675110629755149e-01,6.433937842895008641e-02,1.028312165404333817e-01,9.528471255418452524e-02,1.103202125629226954e-01,1.117262514088638858e-01,1.164203702487690700e-01,9.777581337890010882e-02,1.182713268485615782e-01,9.310019094563508346e-02,1.167673344923423756e-01,1.192865664125093705e-01,1.180720212718380652e-01,1.154106905227004209e-01,8.343726493331118932e-02,1.212458898442476257e-01,1.129034497015706934e-01,6.749723445037336678e-02,1.168170806745289503e-01,9.883204927716320032e-02,8.914366518607583223e-02,9.926555179710434829e-02,1.007327860148872212e-01,9.142658704582064255e-02,1.103386631468718654e-01,1.099429171830875324e-01,1.071813409058818417e-01,4.273615876194282459e-02,9.101278236121575216e-02,8.528457453197160754e-02,1.147224593135632437e-01,1.140623508190339308e-01,1.062513804495206354e-01,1.178043529854385513e-01,1.201763611307635343e-01,1.131703392751416265e-01,1.104623250990988542e-01,1.183948842450084082e-01,1.203261448110289900e-01,1.117623846500977319e-01,1.136693789776172248e-01,1.181428240384044398e-01,1.160429998868649504e-01,1.128314126619072433e-01,1.170846514765251090e-01,1.167926813216120102e-01,1.150418080837823792e-01,1.192974609481808751e-01,1.147737175150313343e-01,1.207905612501973813e-01,1.164077694691381393e-01,1.058260857939702232e-01,1.165285920586445617e-01,1.193331311795512162e-01,1.203075549120758564e-01,1.205795269384881407e-01,1.221269145702941344e-01,1.179929453603542344e-01,1.143906239872894554e-01,9.819752600218151217e-02,1.136583605795966762e-01,1.188317941447305098e-01,1.156198330771177479e-01,1.166289015131214413e-01,1.123142402807382617e-01,1.132184033247261301e-01,9.639565732006993848e-02,1.088340975516763481e-01,1.033753858101166545e-01,1.051957872175724312e-01,1.011775123073124782e-01,1.163239744844097590e-01,1.064951437775600168e-01,8.534145487944090613e-02,1.031873031141512381e-01,1.131438103516591714e-01,1.078738925557695405e-01,1.141678700522032880e-01,1.417950314433252118e-02,1.153795315392574100e-01,1.198364560551519603e-01,1.174556810201634188e-01,1.127397650472550111e-01,1.057560122316454215e-01,1.118701041411941793e-01,1.172953665295268788e-01,1.182848211631338797e-01,1.207566571201441064e-01,1.172621165882418298e-01,1.209069651309145343e-01,1.201002820656452974e-01,5.760478190714105051e-02,1.208389355159819600e-01,1.150132840762247283e-01,1.216527993569796462e-01,3.721066560512693855e-02,3.385129564067283076e-02,2.725603870383778646e-02,7.501797415791497392e-02,1.217539546751038038e-01,1.169301417321353537e-01,1.035110657253261734e-01,1.099942985723691008e-01,1.207680317521585833e-01,1.015966685897032873e-01,1.123255717732336012e-01,1.218964505001778470e-01,1.092108863191525031e-01,1.186874871978714774e-01,1.196921150922785615e-01,1.137826606223148740e-01,6.702536413847547114e-02,1.180360718064030479e-01,1.198644535438423697e-01,1.207960949839350651e-01,1.171602739708360319e-01,1.189977733954248468e-01,1.208397477086198962e-01,1.211844487472099607e-01,1.161337204837229187e-01,1.203688673818600480e-01,1.209830694441052512e-01,4.625579081838489259e-02,1.218077472751834117e-01,9.748427653612920518e-02,1.218339583942668891e-01,1.183437988506931549e-01,1.192103431963962568e-01,1.086090895748631074e-01,1.136406461554986536e-01,1.175758382787707168e-01,1.203349122387140924e-01,1.209915609775370909e-01,1.151581504948919754e-01,1.060429435328357622e-01,8.085154963445470577e-02,1.214180353522980732e-01,5.105022877748263688e-02,1.023419862621777338e-01,8.174705723119098100e-02,6.074171670169492554e-02,6.877747668102769663e-02,8.221008630535144024e-02,2.769312701304796343e-02,9.910597058324031872e-02,1.902785294357764445e-02,2.543346555411366700e-02,1.203169413315956365e-01,1.198861886606360783e-01,1.174199236768825733e-01,1.123167655018373068e-01,4.082722183622157497e-02,3.983110677031048014e-02,6.133629153464766753e-02,2.394042666876547779e-02,1.001042225871227598e-01,6.023555395652595984e-02,5.799278917805921266e-03,7.396026320437053270e-02,8.571466751616745039e-02,6.091145021758069544e-02,2.563907917225064642e-02,2.410774854811610288e-02,1.169980911835405285e-01,8.586163110467419368e-02,1.183927562950687074e-01,1.169632815746321219e-01
9.355643599990944026e-02,1.945002089985840565e-01,2.494726972235548346e-01,1.654531274979619826e-01,7.647142124095611393e-02,1.804470557184436053e-01,1.778233443115026513e-01,2.315604861327909547e-01,1.084125423007323147e-01,2.323524892934999420e-01,2.484549644309356209e-01,2.344909842585145010e-01,2.230123558174723630e-01,2.474722528800058496e-01,2.581195293304869853e-01,2.616412037994895190e-01,2.565068620626920759e-01,2.627415252147732305e-01,2.487468069625416167e-01,1.529291025985601293e-01,2.609117282796937776e-01,2.616429153650773332e-01,1.404957578826307729e-01,2.594604348067667821e-01,2.510966876890311505e-01,2.245096609334369386e-01,2.539465164107620465e-01,2.518347470430815638e-01,8.040858694887964564e-02,0.000000000000000000e+00,1.566822042423960115e-01,7.528839844141728410e-02,1.152671509915273174e-01,1.407508747261334847e-01,2.489006935868326442e-01,2.233430586017620123e-01,2.504570512621204226e-01,2.274726022117562751e-01,2.324126085714964263e-01,2.559878065717667295e-01,2.169317199014881292e-01,1.827977069646408714e-01,2.555725132609564798e-01,2.522406328225911265e-01,2.569275204571377924e-01,2.588421227808183067e-01,2.608717531234427955e-01,2.583554683591983703e-01,2.608723793454584827e-01,2.586113602288083735e-01,4.487095576496485244e-02,3.182420727825344131e-02,2.776993001643259049e-03,2.732534329338537349e-02,2.921983318441079020e-03,1.220153920910117991e-02,1.993098102266804283e-01,2.186557784220806711e-01,2.024003855938742713e-01,2.361487546047083275e-01,2.376286014165819305e-01,2.609701458316192046e-01,2.543073460171715872e-01,2.379299695378692681e-01,2.610218473789979732e-01,9.943773454753997154e-02,5.592301941552074024e-02,2.594205725032590060e-01,2.611012770679009831e-01,2.552805108614857876e-01,2.518626506111069085e-01,2.433225473179562448e-01,2.323351734141975711e-01,2.610118701035519240e-01,2.618177668925426582e-01,2.578562457458890012e-01,2.478393831094144462e-01,2.603315291677449905e-01,2.535017857438370825e-01,8.173970058700008590e-02,1.878857712407607794e-01,2.558012575523985199e-01,5.868664806672795747e-02,1.272909674506687294e-01,2.604307742822664085e-01,2.592914704409765014e-01,2.582766762525422477e-01,2.551153486676411841e-01,2.616873077997542429e-01,2.604285820519382511e-01,2.595510764681057680e-01,2.583758737485045143e-01,3.891035448047600043e-02,2.584063955003180757e-01,2.562748555498730041e-01,2.166586783404799155e-01,2.441314329274931194e-01,1.155902532694026152e-01,2.533480671809245077e-01,2.434936485361268443e-01,1.414538279370329554e-01,2.286554998105741754e-01,2.250786328182769469e-01,2.428401090131274975e-01,2.084154749942249696e-01,1.946117015107440007e-01,2.322921047240470438e-01,2.420105518461480587e-01,2.361227800841652624e-01,2.464673506625326416e-01,2.441643614365078263e-01,2.505581866320200635e-01,2.362295310742746346e-01,2.580727249554448655e-01,1.496067009587098429e-01,2.175693292494457753e-01,2.402387723757583582e-01,2.592507212190452437e-01,2.203037421263097650e-01,1.749628280651335244e-01,1.076986493428710168e-01,2.476234993557337449e-01,1.418004645382441586e-01,2.616141947726600137e-01,2.615131274071770817e-01,1.673394085844747969e-01,2.611252977801111763e-01,2.556860099162589495e-01,2.608968219542359135e-01,2.561518626611048455e-01,9.451876613684807860e-02,2.016182353565723340e-01,1.681032447577988087e-01,1.988899457172322860e-01,2.100066794506231516e-01,9.381363161997466338e-02,2.546470478023730166e-01,1.940640058702640669e-01,2.099775704408114729e-01,2.459254444407578399e-01,2.466939603066146958e-01,2.520196657826540010e-01,2.455115248388161087e-01,1.366449156819765816e-02,1.644606628902682000e-01,2.581650086391263366e-01,2.605905459511265176e-01,1.429774848807107979e-01,2.530089211526531656e-01,2.217739120849169798e-01,2.580781696426844296e-01,2.590892420498778215e-01,2.457014791645022733e-01,1.161283959833170620e-01,2.594589992203340523e-01,2.597455371270750990e-01,4.460154658675570538e-02,1.221405036030050184e-01,9.329505285878159082e-02,2.422590517181553715e-01,1.839574221176242669e-02,2.480097548112354666e-02,1.384706433318220499e-02,5.397659865212193347e-02,2.323702649102278861e-01,2.334334677642295464e-01,1.666104132806057458e-01,2.031578655763677521e-01,2.268721563656338480e-01,1.011086524124287789e-01,9.604231794597119232e-02,1.799606695358826614e-01,2.604857252133674361e-01,2.610998633901316368e-01,2.416614222483401686e-01,2.088052316818190535e-01,4.687206318438218167e-02,2.449261752399028158e-01,2.479231787773968076e-01,2.484585805292953975e-01,2.544494380598747996e-01,2.422519353285087218e-01,2.618202376283125243e-01,2.363151006908774387e-01,2.405893920203017455e-01,2.518408527928012730e-01,2.505653985304662767e-01,4.524506441886047559e-02,2.196222294824298482e-01,2.549516870036847016e-01,1.626891842914621744e-01,2.385633551398961827e-01,2.253138894807947823e-01,2.159684330820575704e-01,2.465232867208032030e-01,1.824509122343103973e-01,2.552161727569180472e-01,2.561556316788002885e-01,2.122740106140306171e-01,2.330516447360143906e-01,6.150662566168884487e-02,1.173655966809271783e-01,4.727244738459965290e-02,9.024844219334707263e-02,7.036085178141306129e-02,4.842722609929359795e-02,6.480400211496814555e-02,6.641416933344837514e-02,2.570851975100825818e-02,9.716573140573069034e-02,1.890306848165498183e-02,2.477217696656176110e-02,1.650984382893816160e-01,1.895338671709861922e-01,2.112118614808035089e-01,1.077366709791753169e-01,3.555165467878820817e-02,3.545659704955539393e-02,5.700651414794642713e-02,2.242871565387215271e-02,8.308427830534355352e-02,5.702455605176359049e-02,9.541536378202661664e-03,7.369573033370770132e-02,7.936255951117614227e-02,5.801000105540553980e-02,2.450006101691891772e-02,2.431525122968199518e-02,1.921041164101664200e-01,9.116210126516977041e-02,1.232749564285626348e-01,1.848124831950563041e-01
1.937065668884191405e-01,2.272754505354729893e-01,2.814392193219336646e-01,3.990817835031093552e-01,3.671898637711142332e-01,3.324076163177389631e-01,2.008693611932376444e-01,3.311641613072466850e-01,1.111759527339531428e-01,3.854248040794618357e-01,3.959481714039539968e-01,4.447328697035216050e-01,2.198574706242106269e-01,2.966888031276537774e-01,4.053582694255053465e-01,3.378567627243038718e-01,2.821518188063456001e-01,2.558995931335144025e-01,2.878900443882973503e-01,1.524759158502001777e-01,3.111843967032179026e-01,4.907481049677009932e-01,1.391398767462561914e-01,4.436742362679133023e-01,3.577486439355840875e-01,2.131705820242503213e-01,3.548651084197954608e-01,3.840261317594557688e-01,8.825298362465951174e-02,1.566822042423960115e-01,0.000000000000000000e+00,4.678207340421788873e-01,5.056394012186875564e-01,4.581528380460571648e-01,3.014725602516059033e-01,3.162920458315287009e-01,2.967448990865091396e-01,1.741447637022873196e-01,2.450791570289292121e-01,4.766120933720104924e-01,2.139936543177657080e-01,1.821150112911621710e-01,3.979997152209197586e-01,4.012582131539516594e-01,4.128419091897064241e-01,3.074467254043931619e-01,4.894201459854163883e-01,4.176750727924142814e-01,2.644569136581508828e-01,3.352518711266087581e-01,5.080353267739507600e-02,4.001881955875549041e-02,5.184287621345912318e-03,2.930396206262243439e-02,2.859381730024832067e-03,1.059732276720553625e-02,3.071967563675198076e-01,6.304926487615496455e-01,4.432065791508821850e-01,5.427322155367191314e-01,3.128743080045461311e-01,4.898780319726865340e-01,4.687862628809753018e-01,3.457888493294061227e-01,5.698668425731531206e-01,9.883018510852728533e-02,6.346702915046091575e-02,6.346765305810682101e-01,4.886515363387754496e-01,4.468429052779867572e-01,4.822280682962409304e-01,5.861960113848040388e-01,4.660657179978222597e-01,4.115220125752005464e-01,6.373095940680716387e-01,4.567766705406930416e-01,5.816830230274735447e-01,4.232045675676202046e-01,5.879017295635629026e-01,8.038631555043838917e-02,1.907798532361588417e-01,2.919929709193396228e-01,6.300655210841901721e-02,1.439971046621729145e-01,4.612974787467005733e-01,5.721186212762706669e-01,5.578710381779166116e-01,5.781909100254772893e-01,3.915938895477111825e-01,4.807456764037347785e-01,4.935790204938719228e-01,2.822195744861935029e-01,4.045466036850543096e-02,4.586574626755347550e-01,5.728619404375445701e-01,4.024425968146609911e-01,3.473866818926268363e-01,1.201932703274240233e-01,4.446322161669761797e-01,4.751747234321042068e-01,2.660234855166422885e-01,2.109917086382251394e-01,3.652056582608580459e-01,3.305668337384746747e-01,2.717561440425082520e-01,4.023378865033387375e-01,3.701848578592210615e-01,2.884356645285785503e-01,5.015304275455032545e-01,3.019426428856067379e-01,4.335376439041411234e-01,3.912679083879989639e-01,3.011639458567327843e-01,3.208578186487423545e-01,1.447540276282932303e-01,2.163946543895847452e-01,2.718003089403144834e-01,3.416846786045362738e-01,2.006960794456991715e-01,1.638680329483735709e-01,1.023887260648362885e-01,2.861920262628259715e-01,1.416213122938437818e-01,4.552680180736832782e-01,4.383166550860387867e-01,1.655478027510228767e-01,3.444103451777943969e-01,3.213517613095629444e-01,3.795392316514137887e-01,3.798682073284100902e-01,1.205172982103266816e-01,3.521255083452023982e-01,5.127317683571908091e-01,4.405406422679084000e-01,5.476083270907631251e-01,4.873990549497982938e-01,4.881184751058182392e-01,4.046148654283270862e-01,4.201737426158906885e-01,2.295949481197249453e-01,2.727188714078397358e-01,4.823063886634911257e-01,4.193243394587717887e-01,1.269542288343012554e-02,1.569718295443220113e-01,3.332691227476431428e-01,4.131307059251128622e-01,1.085534490447868511e-01,3.822364212912069403e-01,2.026061509656705839e-01,5.104417063160721080e-01,6.026303025009944747e-01,4.640863631052052352e-01,1.160154606892186829e-01,3.364512982890453530e-01,3.718641584158464686e-01,4.566742253014883374e-02,1.132638564625689098e-01,9.070910024575330743e-02,2.760324156216598102e-01,1.766333047084015992e-02,2.879808312093605840e-02,1.979899487072854514e-02,6.222083709728815776e-02,5.735954760561672305e-01,6.001989389459304602e-01,1.693137062773423518e-01,4.672808208346485026e-01,6.065049887943084750e-01,1.022936253513572202e-01,1.047807661986281252e-01,1.851809956264005019e-01,5.804973603355119138e-01,5.642740947257406381e-01,5.183319345946731938e-01,5.295529687703379729e-01,6.180554922890205832e-02,5.442152368256056860e-01,3.329019164373281381e-01,4.580090705372680815e-01,6.190157087365346644e-01,6.030439787360545312e-01,2.926068049176490105e-01,5.836684078450788959e-01,3.698522386572286602e-01,5.320761152202420075e-01,2.586896433797756800e-01,4.516394284530567127e-02,4.453867563297563836e-01,4.318199483808423667e-01,1.346926439862345393e-01,3.889029419500368290e-01,4.802402377061148475e-01,5.145543478881871025e-01,4.177963353961191562e-01,2.089438672448523382e-01,4.709569453241007064e-01,4.470743109467118503e-01,4.619867141301362556e-01,3.509209599643855482e-01,6.438016320209645482e-02,1.150107148307907279e-01,4.411478805161010014e-02,8.392067452617880952e-02,7.874170218888830453e-02,3.956034595324218334e-02,5.393318057835131546e-02,5.381093074673539561e-02,2.717814870936713367e-02,9.371077000448198302e-02,1.957557025835145528e-02,2.436779237182232216e-02,1.578258758546310647e-01,1.840146445713215784e-01,2.081739361897829987e-01,1.042568260315050732e-01,3.425904629547948943e-02,3.890941027647180223e-02,5.594513940001624025e-02,1.977613062825460746e-02,9.023545662493971664e-02,4.537966744641987876e-02,6.411041044983020916e-03,6.013706064558003300e-02,8.158223627104232989e-02,5.578937072614068710e-02,2.353082188392686264e-02,2.368011532038499095e-02,1.889504492415965964e-01,8.805541675225590781e-02,1.209540263753929173e-01,1.833638669396940868e-01
1.936261150897111705e-01,2.301859075213831263e-01,2.707502094459633413e-01,3.945077465890968749e-01,2.027909877638148506e-01,2.301200991360459469e-01,1.150931828456353695e-01,3.312399826506604583e-01,1.016382922749577977e-01,3.807250911328502463e-01,3.843113827032767493e-01,4.695150932410116495e-01,2.249234253527739313e-01,3.311245680930742785e-01,4.019086600590653924e-01,3.372925731251911197e-01,3.020508500782305150e-01,2.671542832859022387e-01,2.958521716390042355e-01,1.529714542895364293e-01,3.154406580966370166e-01,5.024513223211714008e-01,1.389274027681818846e-01,4.426115760269134780e-01,4.265258552200585362e-01,2.227508144466946172e-01,3.507814552772363093e-01,3.746891394110558049e-01,1.114768335465587262e-01,7.528839844141724247e-02,4.678207340421789429e-01,0.000000000000000000e+00,1.493662793533850064e-01,3.218852803521765615e-01,3.046926175640077838e-01,3.170901267835981030e-01,3.752708708217982747e-01,2.216888839283556456e-01,3.409864575594488412e-01,4.917101864438446213e-01,2.182393603121178527e-01,1.814378160714280042e-01,3.882745703714706176e-01,4.263919445398876573e-01,4.126712861542490285e-01,3.125814179811544080e-01,5.089371000411399004e-01,4.334937133364179518e-01,2.616329404473220488e-01,3.349052865429671955e-01,5.052825470600746244e-02,3.447231914067768604e-02,3.426490809520277986e-03,2.913270759824928419e-02,2.888837179445031753e-03,1.106211211866984546e-02,3.207682555644554290e-01,5.306125945682056422e-01,3.670455196415705612e-01,5.171065546687735326e-01,3.126770940799743492e-01,4.884249413569503040e-01,4.665711301190916260e-01,2.961074708213545792e-01,5.935627886843287682e-01,9.987276518584962959e-02,5.973262681138023084e-02,6.045044667369904312e-01,4.900242790768203349e-01,4.432691420337254717e-01,4.912807445440855458e-01,5.858759179989320165e-01,5.531454803970906609e-01,4.132777575967340189e-01,6.045495421685119775e-01,4.613219130686286862e-01,5.902453402215191991e-01,4.236474373530699777e-01,5.915009423041460712e-01,7.754514808342008458e-02,1.969511008696022136e-01,2.963609723741497670e-01,6.453111106450647172e-02,1.366216374211220164e-01,4.686949725207678608e-01,5.717312751001601967e-01,5.775097287260915202e-01,5.906111521604480163e-01,3.902029040679013683e-01,4.826656438940887806e-01,5.034261412597544894e-01,2.907836745265110490e-01,3.853531586074201293e-02,4.613178454659660477e-01,5.736369474214022546e-01,3.689107975752474733e-01,3.522083010425456906e-01,6.582228864400556378e-02,5.121764505484217578e-01,5.695598263700479835e-01,1.926961430787733354e-01,3.752848750029146863e-01,3.763598105160481100e-01,3.372615551744581608e-01,3.311707019424084408e-01,3.760375565343620496e-01,3.407612864211869153e-01,2.466025814045715026e-01,4.801645793415883490e-01,2.803171048365304396e-01,4.191531240335039654e-01,4.131021757590465082e-01,3.045987830898236326e-01,3.113918025325909111e-01,1.485038113193379861e-01,2.084877968042317675e-01,3.135934121235491867e-01,3.365381917059822037e-01,2.127794825488578678e-01,1.712225149183322082e-01,1.201136868185704171e-01,2.885146240365149550e-01,1.405186174329138560e-01,4.796908874919719734e-01,4.561650640515499955e-01,1.681484617975239626e-01,3.656846315018965066e-01,3.202597661611608082e-01,3.879542508494657760e-01,3.690950446511591099e-01,9.350250463384490729e-02,5.026015703861888007e-01,3.295051160749381536e-01,3.219602882724654780e-01,5.369946172532910067e-01,2.096828481005308664e-01,4.907318128049947825e-01,3.963280037023116376e-01,5.060017152352936920e-01,2.666992925103903178e-01,3.289837939022157154e-01,5.516842081151861477e-01,5.347549414293462089e-01,1.453733136200880890e-02,1.643784609622089277e-01,3.298960277180968959e-01,4.161384623103367986e-01,1.321277555658744440e-01,3.986239121939338936e-01,2.261747107358020314e-01,5.290180340056093167e-01,6.037028190099473779e-01,4.791863185795542379e-01,1.129143061501694106e-01,3.326207702391075216e-01,3.745304289189075875e-01,4.271837661036543415e-02,1.187579938464284335e-01,9.009983669727984756e-02,2.845553206395224910e-01,2.150995437598140353e-02,3.136759789820973976e-02,2.088867438295780379e-02,6.192739588382135951e-02,5.421320268661985464e-01,5.806399983207118920e-01,1.502676754649183155e-01,4.405386589094923422e-01,5.627369494305165532e-01,1.028917818189180600e-01,9.702041733904592791e-02,1.774339522940801828e-01,5.841058178391871358e-01,5.769116802561218282e-01,5.408078976017164363e-01,5.544018017442761126e-01,5.657529131109494125e-02,5.414047822172078916e-01,3.491050706581723118e-01,4.542795596492907872e-01,6.014749956176277390e-01,5.918797431652796925e-01,2.927686675380822834e-01,5.917491313663768571e-01,3.643858219271001175e-01,5.334074239539413620e-01,2.607284286070123414e-01,4.576023639892586731e-02,4.886982973467690616e-01,4.311414372935681305e-01,1.662496368041609385e-01,4.024429875011187319e-01,5.184876371064931488e-01,5.194215731698160754e-01,4.039944061421056887e-01,1.321061241131918640e-01,5.334456957088288265e-01,5.531024958038497363e-01,5.113604747461113487e-01,5.323020990595924706e-01,5.960694822319497627e-02,1.028430321842856432e-01,4.711480402640417370e-02,9.137369925030545958e-02,7.182429442256942076e-02,4.592849396765857212e-02,6.120120292854845656e-02,6.813678105734118085e-02,2.753851271565161199e-02,9.747472297929732354e-02,1.862382658011599648e-02,2.410019143594743091e-02,1.628867357603833443e-01,1.827683456454119448e-01,2.105411091888479691e-01,1.085930792847830950e-01,2.933079988869422700e-02,2.709069789839919570e-02,5.475896383241117549e-02,2.318704149044820834e-02,8.990847363798155911e-02,5.069755801117545313e-02,9.208995105449344770e-03,6.773096739045775250e-02,7.647347254344985523e-02,5.543804683590367738e-02,2.527880196458821838e-02,2.389463228507855697e-02,1.905608063698420729e-01,8.985840392400679111e-02,1.217623558918623089e-01,1.878771796601125532e-01
2.089299041435505044e-01,2.143102766663678993e-01,2.869619052105780166e-01,4.181592631636025237e-01,2.794719816370537235e-01,2.886010285475245074e-01,1.323712927760582470e-01,3.374243208576403474e-01,1.001239943090279222e-01,3.941032576797806608e-01,3.881949781396446530e-01,4.685942520130747524e-01,2.229333532613359536e-01,3.434013084214453948e-01,4.073821044493867172e-01,3.387362852837397798e-01,3.021197865071609256e-01,2.690913459575708933e-01,2.948209945671438903e-01,1.522365729097688858e-01,3.144757716488544297e-01,5.014626952327428944e-01,1.398920588134215659e-01,4.420155780580602989e-01,4.335303594837960350e-01,2.237997076994834023e-01,3.553792694053370949e-01,3.841192185952069793e-01,1.145652643511543556e-01,1.152671509915272757e-01,5.056394012186874454e-01,1.493662793533849786e-01,0.000000000000000000e+00,2.602658134134847034e-01,3.086216430408265099e-01,3.439156970611610964e-01,3.800844716984768668e-01,2.172541095309107884e-01,3.468590988374548600e-01,4.924328776741773162e-01,2.172694373629614761e-01,1.784694810121606190e-01,3.865488301864462017e-01,4.110879383263653097e-01,4.125626864581251052e-01,3.118513611554330489e-01,5.087313282320791163e-01,4.229114031712676858e-01,2.644271876688278899e-01,3.354865253831942895e-01,4.040477713707164159e-02,2.033015407048682430e-02,3.125221434785266459e-03,2.577142201175860667e-02,2.236809048326674453e-03,1.080849142673087279e-02,2.897585384761143801e-01,4.697686905310570760e-01,3.800636739131955100e-01,4.875022947765889070e-01,2.980629320809476401e-01,4.839376459688514154e-01,4.542891442784606770e-01,3.010820479492556934e-01,5.943008689388585841e-01,9.385843266616275549e-02,4.828684418939256651e-02,5.994605848798180148e-01,4.792246954488044164e-01,4.197401849639937899e-01,4.665082662954931902e-01,5.639015455803211285e-01,4.949715197261645439e-01,4.098940519324275056e-01,6.029073996196523400e-01,4.390859463025620912e-01,5.769093977124474248e-01,4.188489523279078641e-01,5.706093855690343997e-01,7.391573087541233877e-02,1.786572888970938688e-01,2.868148045351066600e-01,6.135902597822937704e-02,1.254021785853505766e-01,4.668922689191128961e-01,5.710588964138161305e-01,5.708024391867598801e-01,5.807231304961587570e-01,3.841869553542157090e-01,4.787056991187583210e-01,4.998814957741399279e-01,2.869837278704485684e-01,3.446066307642541016e-02,4.577485695671171806e-01,5.733055718864324968e-01,3.328485294510843406e-01,3.377031890970771388e-01,7.810135785030795919e-02,5.122718488267430370e-01,5.647332736492570726e-01,2.334000975524047061e-01,3.916977512437437858e-01,3.758374948710453967e-01,3.411053134316075486e-01,3.567743802140439513e-01,4.475539566130456448e-01,3.692787353568475206e-01,2.631566841629054965e-01,5.083428491824921736e-01,2.968396177577216632e-01,4.235195177369049380e-01,4.117631700725553068e-01,3.121193601706609422e-01,3.210925784321125853e-01,1.518618281587683916e-01,2.156088401062385695e-01,3.112661951248583692e-01,3.400662456638149367e-01,2.221652231005140088e-01,1.734979824561886097e-01,1.203584489837080662e-01,2.898579889132433807e-01,1.405099837418493647e-01,4.807811685383827083e-01,4.566411665313716561e-01,1.688849666932356886e-01,3.694244775502679157e-01,3.200375883311901704e-01,3.876100654380800759e-01,3.746767893079611111e-01,9.095520702366988175e-02,5.070861774444698211e-01,3.246991049537763518e-01,2.997375777770161509e-01,5.393340279318395991e-01,3.504832846805570612e-01,4.955448670458866833e-01,4.273455877560624061e-01,5.005583226091248061e-01,2.624343824971511197e-01,3.380881989342324201e-01,5.538240695259072366e-01,5.463868801692628452e-01,1.466645987101812890e-02,1.640574555802325474e-01,3.252271719723741072e-01,4.165350776816129641e-01,1.379215105123360596e-01,3.948459345081293814e-01,2.254372679085635267e-01,5.286744153700156934e-01,6.041459237971400498e-01,4.738985883230232843e-01,1.162844666046568692e-01,3.303816228319180759e-01,3.730050421480914924e-01,3.501505336400194401e-02,1.213018925607119991e-01,8.718012858397222731e-02,2.733322544128157783e-01,1.853738812587999232e-02,2.775115126816285124e-02,1.854698153929424873e-02,7.357194155964534577e-02,5.277574299491026855e-01,5.828016049573025992e-01,1.498523668816345855e-01,4.818047683174994100e-01,5.615485261963863994e-01,1.011666202765736933e-01,8.557418600813533616e-02,1.697346283463090633e-01,5.830296034844558717e-01,5.767395782496846923e-01,5.350866920074437427e-01,5.490181522724968399e-01,4.876873559168710265e-02,5.324551087913490521e-01,3.466068477846078189e-01,4.410180227790074237e-01,5.980075183808741812e-01,5.729449874750848215e-01,2.934059238691440474e-01,5.873747661501564910e-01,3.521613809735799627e-01,5.215164118846952190e-01,2.556928331187435233e-01,4.536508688610502160e-02,4.822023263334244136e-01,4.265914709461666177e-01,1.599239989726297939e-01,4.008414476915745372e-01,5.149419190622291920e-01,5.116728512601450563e-01,3.972830329794074800e-01,1.652686307939536525e-01,5.329073588501020975e-01,5.521837213581934911e-01,5.265061800039212425e-01,5.405975142601460171e-01,5.100166862046457555e-02,1.064976187291322013e-01,5.002553067863638875e-02,8.996864191511956543e-02,7.446984693542008094e-02,4.866623288980292950e-02,6.599256433041707226e-02,7.089883302812184651e-02,2.705468395948868246e-02,9.781898514462232519e-02,1.894679186588540606e-02,2.491925302978138454e-02,1.646720527511466026e-01,1.883467732331912114e-01,2.096888152364995150e-01,1.096355075743107588e-01,2.432444458014478006e-02,2.662894220830919895e-02,5.514544280840883578e-02,2.107671818680309506e-02,8.305873867714687331e-02,5.573657715655701977e-02,9.344088406483829629e-03,6.304314469399263654e-02,7.301711303142595366e-02,5.631846816359540459e-02,2.512631077022060150e-02,2.371618813174111023e-02,1.889087680693505300e-01,8.917713238361726913e-02,1.189807605853403921e-01,1.879880099368085311e-01
2.216163468953538940e-01,2.209128395920519350e-01,2.758610375734892317e-01,4.621397799889228608e-01,4.201448949918918374e-01,3.721761199480613791e-01,2.146712959094709827e-01,3.528786525261495832e-01,1.134095601288308830e-01,4.050481898824822569e-01,4.012062516028038206e-01,4.798971862995985438e-01,2.158902870676503993e-01,2.933856432599268871e-01,4.021794459656262144e-01,3.372502136576976950e-01,2.788353963565057270e-01,2.509971683189391456e-01,2.873275044134225853e-01,1.524277525593808469e-01,3.155194606095698129e-01,5.001355203150225082e-01,1.382145375015729205e-01,4.437659365624508356e-01,4.182953576411317931e-01,2.178389939909227968e-01,3.600327734920671929e-01,3.749583242543719774e-01,1.069907624887013187e-01,1.407508747261335125e-01,4.581528380460572203e-01,3.218852803521765615e-01,2.602658134134847034e-01,0.000000000000000000e+00,1.969491002084194087e-01,2.123004374725688814e-01,3.054478399630970453e-01,1.877074147184819852e-01,2.296609913368070077e-01,4.634481689029530949e-01,2.119845871799019843e-01,1.820674973708601707e-01,3.731532713360763420e-01,4.093316366967744702e-01,4.114679662278796224e-01,3.072605136849922980e-01,4.731365937828970192e-01,4.247064855303369080e-01,2.638577201832383312e-01,3.346898578347787812e-01,4.540429045702210759e-02,4.036284155974869531e-02,3.331683138758330994e-03,2.974862066697791380e-02,3.477482911344649975e-03,1.081980676615290626e-02,2.608639780294426669e-01,5.318916873972197035e-01,2.975850966503710837e-01,4.293102990596155411e-01,1.683906616983325555e-01,4.770296913248261439e-01,4.737987287321389074e-01,3.092468430950081060e-01,5.908366190535520035e-01,9.220406746116910357e-02,5.306801654453573158e-02,6.014722033190554873e-01,4.874058414889578250e-01,4.361499242952442401e-01,4.841996116253239335e-01,5.989140760367974714e-01,5.249537255631911981e-01,4.122729368279092199e-01,6.096297744906752358e-01,4.642385404895210121e-01,5.996831089101541945e-01,4.241960359102341371e-01,5.942731944658334875e-01,8.385944724344106260e-02,2.001278561898948150e-01,2.952211633046164518e-01,6.870190150927502071e-02,1.386918729269432937e-01,4.679723855785484221e-01,5.715145235020825387e-01,5.792457403322525122e-01,5.944949191624724349e-01,3.927670840568163735e-01,4.781063577824986033e-01,4.989314337664629284e-01,2.874535705384831941e-01,4.192530463884670128e-02,4.583900251779869928e-01,5.716191843849911525e-01,3.946010232606118606e-01,3.680733669325179092e-01,1.231359903326683797e-01,5.048901686487796692e-01,5.698295174518204220e-01,2.767943428873604894e-01,3.724301938459700367e-01,3.824341590491170950e-01,3.405436651628743205e-01,3.644107425685774726e-01,4.818491209311120960e-01,3.888339141109542485e-01,2.896546286801519599e-01,5.190299111949716604e-01,3.058531554789946094e-01,4.347405076959782733e-01,4.252090596621894147e-01,2.792509340212979696e-01,3.168029386149412985e-01,1.403701708077422783e-01,2.141418587490656611e-01,2.399679728073944862e-01,3.412889029500578153e-01,2.103745412137432713e-01,1.575803342717738142e-01,1.080963584450699427e-01,2.882986260714957560e-01,1.413858463152319056e-01,4.811927461509046267e-01,4.557934288056577632e-01,1.656476473113729087e-01,3.568883022433602670e-01,3.183103115443170483e-01,3.867718141448608926e-01,3.762477037597434237e-01,9.771096729720477048e-02,4.992911075368668961e-01,4.704057060566102511e-01,3.866972456148134452e-01,4.077533183080040424e-01,3.500320601390675135e-01,4.595466237028595913e-01,3.129564398803153513e-01,5.015067444639019767e-01,1.943260496058538955e-01,2.593286117460421036e-01,5.241706400057648541e-01,5.142760307356771809e-01,1.619207327125140802e-02,1.645597540948668669e-01,3.328281798740532205e-01,4.115852098911395585e-01,1.292722748890427209e-01,3.932195466116145677e-01,2.176768551903678350e-01,5.065151094039435087e-01,5.972973636564458122e-01,4.746605187400474990e-01,1.160052580996171062e-01,3.382703333592405048e-01,3.705325013701984416e-01,3.894554178304275582e-02,1.240573105501254075e-01,1.047799574093591923e-01,2.847195504060841542e-01,2.452921158379682207e-02,2.968659967499462371e-02,2.002488843784721445e-02,7.683758816991556606e-02,5.442671241031086238e-01,5.396755519100842058e-01,9.662186251166719753e-02,4.359108608173456467e-01,5.633928407862559551e-01,9.903277928286068066e-02,9.899128509082391614e-02,1.832836882358266917e-01,5.847287093305193473e-01,5.737392349511030165e-01,5.302635503644355097e-01,5.599839640623903714e-01,5.607966416378308561e-02,5.338962799418195404e-01,3.339369657816003145e-01,4.460805407522331900e-01,6.149610508269598430e-01,6.099536794788905647e-01,2.934794779541921028e-01,5.992931651880296640e-01,3.762918341350959817e-01,5.372838789628322509e-01,2.609376831891726534e-01,4.530639281031605126e-02,4.901653484901608016e-01,4.314988998262869746e-01,1.679926798976263680e-01,4.145595047581726034e-01,4.945091900194679146e-01,5.640617366324774951e-01,4.328734668202297020e-01,2.332507355667507165e-01,5.329916050915183279e-01,5.455054319856667000e-01,5.403875366283066306e-01,5.280131465680173442e-01,7.224421252974841390e-02,1.219527706601847700e-01,5.016917305444594521e-02,9.622015864834496113e-02,8.342913152509566499e-02,4.948500088681530990e-02,5.436626101079441997e-02,6.790599763471370787e-02,2.737754873683898027e-02,9.487407639316282337e-02,1.858587134310452083e-02,2.399308635270799850e-02,1.662397715409747734e-01,1.881134936738498575e-01,2.046756624914902734e-01,1.045141552157465986e-01,3.461526901984012666e-02,4.106562279591052106e-02,5.849706155415680675e-02,2.310420499383364010e-02,1.006376537216092659e-01,5.224392955442029585e-02,8.044264606911721155e-03,6.181848968083029916e-02,8.345779538401912334e-02,5.833190096771166677e-02,2.402447297325880499e-02,2.284391620216165431e-02,1.915595024628607146e-01,8.923675949421856768e-02,1.224464977424509493e-01,1.840508919559442902e-01
2.742760515982579084e-01,2.260615605428166197e-01,2.632515358825685547e-01,3.291091663767319875e-01,3.222160198907330075e-01,3.303772764608408075e-01,2.456604988183837823e-01,3.348964526649699236e-01,1.173063015881767729e-01,3.317090526365021885e-01,3.351672956180282159e-01,3.319030740228006704e-01,2.064777315678086311e-01,2.374591680246256886e-01,3.028770531920036979e-01,3.160461557978392899e-01,2.371182045220193990e-01,2.119807482922173580e-01,2.763658400040779894e-01,1.339398507715672815e-01,3.044939914158316108e-01,3.182450269716091684e-01,1.186972026567163357e-01,2.851800570941707136e-01,3.130335721274439265e-01,1.355025753992811777e-01,3.160267240202286887e-01,3.086905719614251864e-01,1.186273709399304904e-01,2.489006935868326442e-01,3.014725602516059588e-01,3.046926175640077838e-01,3.086216430408265099e-01,1.969491002084194919e-01,0.000000000000000000e+00,7.104339884227017787e-02,2.079630677326224086e-01,1.826419908856681540e-01,2.110357853327632927e-01,1.237420073436742846e-01,1.825480507233477323e-01,1.596255344818794941e-01,2.593547867939747231e-01,3.198575672412495852e-01,2.892495152570161987e-01,2.490937124878987163e-01,2.526940083649411029e-01,3.334601450302059344e-01,2.468594228804264490e-01,3.285584884279864615e-01,5.094659504406263278e-02,5.484178057372264548e-02,5.722188114613216067e-03,3.126574861433132485e-02,5.118967621528414981e-03,1.130146988251641733e-02,2.629778882101770354e-01,3.247375549357707225e-01,1.626330016080361207e-01,2.457286026890030950e-01,2.147349137856373880e-01,3.201855440478374448e-01,3.347518408943326862e-01,3.219162502775156365e-01,3.298813091667298636e-01,9.703598122347951993e-02,6.526047483564911822e-02,3.335715089077115336e-01,3.351046436691852426e-01,3.340758388059854589e-01,3.348384710709184087e-01,3.361679708254530774e-01,3.323526319807708074e-01,3.341739134410470213e-01,3.256709904476404738e-01,3.354995408775122701e-01,3.293088370794657327e-01,3.336531667851409533e-01,3.297169329424012862e-01,8.560714129582369658e-02,2.067270887706216809e-01,2.988696619986201397e-01,7.287444175984171546e-02,1.496684404887359543e-01,3.350432864304018765e-01,3.339338815596094023e-01,3.347897555993557539e-01,3.341158191854768367e-01,3.344923979137440218e-01,3.351235431309314561e-01,3.291501545418737962e-01,2.913852819249440063e-01,4.335714200397740997e-02,3.348121598769684404e-01,3.302022077493834695e-01,3.217981794858624789e-01,3.357101192658573652e-01,1.561179860970736133e-01,3.332633697121676897e-01,3.328621858054592875e-01,3.170589167685912146e-01,3.271922867614129871e-01,3.342963117067669354e-01,3.330457482947129511e-01,3.182050425713169872e-01,3.333127369935291462e-01,3.291290526478826695e-01,2.976803094926812054e-01,3.333778397527494830e-01,3.122950579257178783e-01,3.334526644355173541e-01,3.347699492513812602e-01,1.997873715514760506e-01,3.134513400474167044e-01,1.417817324962170333e-01,2.188921016551440279e-01,2.156129638636765933e-01,3.324577383421179477e-01,2.041748575576471658e-01,1.364145113427574219e-01,1.141184449005580998e-01,2.840291299806598224e-01,1.385944014633110066e-01,3.274404588652303216e-01,3.330726749051698965e-01,1.419955111693122773e-01,2.819724828330452682e-01,3.022397569800303052e-01,3.026481974211490122e-01,3.243392218664441495e-01,1.522304631629661509e-01,3.164751367082514477e-01,3.274797161598458350e-01,3.249098713778132419e-01,2.145075442568054880e-01,3.080975496019033866e-01,1.800776462271483636e-01,2.073659945456471365e-01,3.160144919255606921e-01,2.037892761050512092e-01,1.863671638374488071e-01,2.291212600340354344e-01,3.212789847117042963e-01,1.377018223175215453e-02,1.559378110188804623e-01,3.029834246051490987e-01,2.924306845155160151e-01,1.483755493681060689e-01,3.210307554262994412e-01,1.938330297620422249e-01,3.223536696054431494e-01,3.140770456099784558e-01,3.343738794753451371e-01,1.159538032675584140e-01,3.278933791933429931e-01,3.307662539239027422e-01,5.806461079908575157e-02,1.424277550236895673e-01,1.153163753266693431e-01,2.885301455637231394e-01,3.385825037368418028e-02,3.326329182867099332e-02,2.809236936109128432e-02,8.800705317122846372e-02,3.322854281341576232e-01,2.607423304016921461e-01,1.369169070986313297e-01,2.687867965542106719e-01,3.312929066935340061e-01,9.927950674913633977e-02,1.127918129925436774e-01,1.870190422424475030e-01,3.339000792464261180e-01,3.306126778838269220e-01,3.324441560140140584e-01,3.321770100243801593e-01,6.802672956169912577e-02,3.336034737329464650e-01,3.304953873214878657e-01,3.322711133447893705e-01,3.362743610199179223e-01,3.325974908943969410e-01,2.947657126312845377e-01,3.340271778313005369e-01,3.344709805016313764e-01,3.362210880708282890e-01,2.634362917474407650e-01,4.335887710433036085e-02,3.346612074385476587e-01,3.330096973928881599e-01,1.894091712456593968e-01,3.350353013458543527e-01,3.290976277480762158e-01,3.345514377953151541e-01,3.357767523093091455e-01,2.597542707512175419e-01,3.342819285227780490e-01,3.359478808146292850e-01,3.347214164072798148e-01,3.299145120967844069e-01,8.260084867542655251e-02,1.256648639214485996e-01,5.095706176681561589e-02,1.027058199902627783e-01,9.343563991092315724e-02,5.706781586756209945e-02,5.681266775592395263e-02,7.926360964933605591e-02,2.449697049729902126e-02,9.229663010271454970e-02,1.940896801170325162e-02,2.138932790786548382e-02,1.566830738935802991e-01,1.690999541292063924e-01,2.006464541415055869e-01,1.046005279783644853e-01,4.029127564880664869e-02,4.341992838352286277e-02,5.883637930752862871e-02,2.277718804014445750e-02,1.057856770110312539e-01,4.741057923395735479e-02,4.798619920445726210e-03,6.148538187156753210e-02,8.534113565256253031e-02,5.805675689495493064e-02,2.491183428321100748e-02,2.232461046372651373e-02,1.818965985327637425e-01,7.866841411365027570e-02,1.222833607323085409e-01,1.816238337835429373e-01
2.558538019139681152e-01,2.252506834925043222e-01,2.726708868513498252e-01,3.749493648455528572e-01,3.531379651097064087e-01,3.784586884186770805e-01,2.413042247647041172e-01,3.554921998802703098e-01,1.158478942338907192e-01,3.906676740725073538e-01,3.963005813369323560e-01,3.960881826569857544e-01,2.011876183403532858e-01,2.123833986831755172e-01,3.634254049861078140e-01,3.189631753377616952e-01,2.053042902877619813e-01,2.045046760817139653e-01,2.656437230871737665e-01,1.307858164657562106e-01,3.046681071009193498e-01,3.794609262755871959e-01,1.285203707447496180e-01,3.763009737075605488e-01,3.700056619878776543e-01,1.831720114151937084e-01,3.469029581353794134e-01,3.652542950460081483e-01,1.123524404738410060e-01,2.233430586017620123e-01,3.162920458315287009e-01,3.170901267835980475e-01,3.439156970611610964e-01,2.123004374725688814e-01,7.104339884227019175e-02,0.000000000000000000e+00,2.629483353197109574e-01,1.808228758539716929e-01,2.168334281896306392e-01,2.945001938425678145e-01,2.021913219635315395e-01,1.819027689491582722e-01,3.484210738696191245e-01,3.912127183029301958e-01,3.772511019676447752e-01,2.777152184092693266e-01,3.633222479889375855e-01,3.926386356421350254e-01,2.636422928773389796e-01,3.352325678556942745e-01,5.093700337740703077e-02,5.201409129976340695e-02,5.460829875545580858e-03,3.267512616262562702e-02,5.522894822787186887e-03,1.098826914567444489e-02,3.067809181071234903e-01,3.848227109383256517e-01,2.146983453810483999e-01,3.303682055926622230e-01,2.350754814350638766e-01,3.918736817430067965e-01,3.952844267762412600e-01,3.465244632142323589e-01,3.867532443175905610e-01,9.751328034211712015e-02,6.344938972766041296e-02,3.960173869962792526e-01,3.971508719311740987e-01,3.974149088191499812e-01,3.951630135299500357e-01,3.961458543526008569e-01,3.924782718403249104e-01,3.962161712031167515e-01,3.945992066042319779e-01,3.980801363706092943e-01,3.972909492009350507e-01,3.956472655801490101e-01,3.989802974946966008e-01,8.451763363817879626e-02,2.052064045775422729e-01,2.974699435081120114e-01,7.000173417941027432e-02,1.487419162211519319e-01,3.935640734280366759e-01,3.956879331742043648e-01,3.945581271047618466e-01,3.950041370617585201e-01,3.933649359365892773e-01,3.965553040902409787e-01,3.841979970518766274e-01,2.901977779211525332e-01,4.340628676008093101e-02,3.939359990655600940e-01,3.899483383856571783e-01,3.790465268916340946e-01,3.691176892929721176e-01,1.466477836796914180e-01,3.865253535338036839e-01,3.806827099108733847e-01,3.045870262407724405e-01,3.593429528805792694e-01,3.857465139545931954e-01,3.362976433280746025e-01,3.600234781940884199e-01,3.761349817330967849e-01,3.862181315023759942e-01,2.961366367204665839e-01,3.921992386982137146e-01,3.128958922458046077e-01,3.965456485273758935e-01,3.970344495602644019e-01,1.986663849431799800e-01,3.104906107074910104e-01,1.328979576592989043e-01,2.095345371623900388e-01,2.264275222823915190e-01,3.357178467367654684e-01,1.880359523277445599e-01,1.286291079494639167e-01,9.091529402538119087e-02,2.750559713627277469e-01,1.343801419651005635e-01,3.812659052883272115e-01,3.862299234516547997e-01,1.443453205722137755e-01,3.353867045465731000e-01,3.190497490861659013e-01,3.683840243638914491e-01,3.748554328743450292e-01,1.339191941814814046e-01,3.605982788508793613e-01,3.782590910848068755e-01,3.848036345721057572e-01,2.907079571742862689e-01,3.191084648961323156e-01,2.946308031594856991e-01,1.864745148028254806e-01,3.707744506602149714e-01,1.943980443404698666e-01,1.890897221678732587e-01,3.370228367368494071e-01,3.637246633714858457e-01,1.421952933654827694e-02,1.534744748637367762e-01,3.236220805747074269e-01,3.839287511940904229e-01,1.442929219448678135e-01,3.929374036046857643e-01,2.058507411867775139e-01,3.876603058080508868e-01,3.933926045289700135e-01,3.955162013781853281e-01,1.160601873634579118e-01,3.370048771448707070e-01,3.744933435606425109e-01,5.459920761298504149e-02,1.338272720855746833e-01,1.128887202740710000e-01,2.887901882193668612e-01,2.588430020438534443e-02,3.169550635759518092e-02,2.455330522307468816e-02,8.319633506390390620e-02,3.941803640158551003e-01,3.491153184843316937e-01,1.402105385024807194e-01,3.376612504147262217e-01,3.900054826568074007e-01,1.000906191506572562e-01,1.110234497562517381e-01,1.871337599278641572e-01,3.940948042464358370e-01,3.959161101079346490e-01,3.925465026882031250e-01,3.853313158184484832e-01,6.625696838903345764e-02,3.955420970623694243e-01,3.480168170465633426e-01,3.966096048693620868e-01,3.980028813854523673e-01,3.972335378873796397e-01,2.937062467053305759e-01,3.949075660095898166e-01,3.941235395518470908e-01,3.966432714634552936e-01,2.621039546457775704e-01,4.516104708316229233e-02,3.881233206978156880e-01,3.954633104620452477e-01,1.739901232885215643e-01,3.907166906554256358e-01,3.854434500312786116e-01,3.958784476401635000e-01,3.967583018290308794e-01,2.545899975749015831e-01,3.817562368241136928e-01,3.820779235022649933e-01,3.889326229212571318e-01,3.776018115509051087e-01,7.576604744664512670e-02,1.215726223224873476e-01,4.883118049244102032e-02,9.721022520128565214e-02,8.782371331973945483e-02,5.443434135638271221e-02,5.808239723661738629e-02,7.626335053707011813e-02,2.764059133968202464e-02,9.566322370257893115e-02,1.986090486864157401e-02,2.297096875541498884e-02,1.619323934902495432e-01,1.810249173047021320e-01,2.005343098148582304e-01,1.025012279040447422e-01,3.863578655605584555e-02,4.251293361044459346e-02,5.740972945186541276e-02,2.287168924867531705e-02,1.028949336653525448e-01,4.636443009935711096e-02,8.143684423762042809e-03,6.300774591029745242e-02,8.224228507876693572e-02,5.673489824169737628e-02,2.484041244584709804e-02,2.112322733028602559e-02,1.846939734433482860e-01,8.345604341949003357e-02,1.217341405341302446e-01,1.840035536858977139e-01
2.615268181555519544e-01,2.282727199119267414e-01,2.740961365265745520e-01,3.832598094939839717e-01,3.576620275935730731e-01,3.799592988056405551e-01,2.393007469379975216e-01,3.465691996284803733e-01,1.135814981893830261e-01,3.853371896306103661e-01,3.963030209767962053e-01,3.949476539583844925e-01,1.882465888348632821e-01,2.940262991148914762e-01,3.770377523368860229e-01,3.134697756447469286e-01,1.300506901709624352e-01,1.848966114902431956e-01,2.713627583640780272e-01,1.211552339182459803e-01,3.029041918398016064e-01,3.914782457461534193e-01,1.212733616975581463e-01,3.622736051624617648e-01,3.724607611228174520e-01,1.331690535007618581e-01,3.599035609918118106e-01,3.744262839829465284e-01,1.110391403104483699e-01,2.504570512621204226e-01,2.967448990865091396e-01,3.752708708217982192e-01,3.800844716984768668e-01,3.054478399630969898e-01,2.079630677326224086e-01,2.629483353197109574e-01,0.000000000000000000e+00,4.644237306146972721e-02,2.319421673322389355e-01,2.473498602345668707e-01,1.844880275681912429e-01,1.692135770265577599e-01,3.762494857042359975e-01,3.556519569813156312e-01,3.306683019242211974e-01,2.185280055588558479e-01,3.371828306126061214e-01,4.000153845736911795e-01,2.530285460763307959e-01,3.245967937325449637e-01,4.828232508267799039e-02,5.473516827609220536e-02,5.559294960273302062e-03,3.139752717145902899e-02,5.157030016230287027e-03,1.067236467993360437e-02,2.985670972479460006e-01,4.049951306109448312e-01,3.620547045323879165e-01,3.726798683133576984e-01,2.751428813506933690e-01,3.986473486932243238e-01,4.046806442984409169e-01,3.587755107316230596e-01,4.051719141909990718e-01,9.519862906819717696e-02,6.544719377952121220e-02,4.053768315021095137e-01,4.037074436649742970e-01,4.031856590603657420e-01,4.063030711130510841e-01,3.976046770972809230e-01,3.848704292584876341e-01,4.034421838514321568e-01,3.897717335450390785e-01,4.055266011768076106e-01,4.034402953173258921e-01,4.049962772531522925e-01,4.008715169780104337e-01,8.593128373613204141e-02,2.058435580179425461e-01,2.985183852576954178e-01,7.310502655868673927e-02,1.485679940010347921e-01,4.057538919428093083e-01,4.043183817667156399e-01,4.047735689780289081e-01,4.046237712389355590e-01,3.907220994679092008e-01,4.049009330542156504e-01,4.025476015617671655e-01,2.868044173218479709e-01,4.343935759283117093e-02,4.053610765868091437e-01,4.058933991430145327e-01,3.816903154054411273e-01,3.676999646571551539e-01,1.405211303260814337e-01,4.006678988154199206e-01,4.004182571149864645e-01,3.125331154958082558e-01,3.437175158131347552e-01,3.875820819928158523e-01,3.446547075337147992e-01,3.390995661858527965e-01,3.759453214718544989e-01,3.795955002005138024e-01,2.887271923950305852e-01,3.821517553197005257e-01,3.022053932912854846e-01,3.973386734814646770e-01,3.881623892044729907e-01,2.780991030184252200e-01,3.167988746632268704e-01,1.365875409953445918e-01,2.205207689330338505e-01,2.028471491414845507e-01,3.410283999713051295e-01,1.919819050854398024e-01,1.256023609373032868e-01,9.500878437498248841e-02,2.885249789728185354e-01,1.377012573837649578e-01,3.917855873515287413e-01,4.021739902815072987e-01,1.374745621246546978e-01,2.691919409547548492e-01,3.094732756491630488e-01,3.562117282766604776e-01,3.799742038235818797e-01,1.437938023589544756e-01,3.257230022490354426e-01,3.934283801824143834e-01,3.940252593592920016e-01,2.975297439406157651e-01,3.754629643563200947e-01,3.084238375152331124e-01,3.236966697651772473e-01,3.457864340095746503e-01,1.482228999230725541e-01,1.776956658996838578e-01,2.205785847137629319e-01,3.792353460423036893e-01,1.300918012895077233e-02,1.486021570179066886e-01,3.014436310732803714e-01,3.288135330427239267e-01,1.299871714467927541e-01,3.443557249899798500e-01,1.695346235327680473e-01,3.813545742998516452e-01,3.833799438066907705e-01,4.033475114523537575e-01,1.162966791245080150e-01,3.213014899392641621e-01,3.661400788750213686e-01,5.885122789647396352e-02,1.395387284942437023e-01,1.142681286008933039e-01,2.873222285946003818e-01,3.096758672931249415e-02,3.035210927460037234e-02,2.736312125950639967e-02,8.651885804031841931e-02,4.047933224398289065e-01,3.582373266900952813e-01,1.273403440641769635e-01,3.645077136228893067e-01,4.037547387663366072e-01,9.367514851211554416e-02,1.124543951837515404e-01,1.846201501805816436e-01,4.005741956468438225e-01,4.045182489419407168e-01,4.020453648446511985e-01,3.986262723065095437e-01,6.838672872599242669e-02,4.047387439731041092e-01,3.401511407788463393e-01,4.017453982729985995e-01,4.029363631762006293e-01,4.052458366148913860e-01,2.928600049229585500e-01,4.039784364024476826e-01,3.930208539716500415e-01,4.055400564831644905e-01,2.643360229586681487e-01,4.376604494741401230e-02,4.038619068572995574e-01,4.026051001247961669e-01,1.829237250163460171e-01,4.047282325240352807e-01,3.995572908445575444e-01,4.013563224095509918e-01,4.015003486410171352e-01,2.540494888679741270e-01,4.026204756096558590e-01,3.976207883957532108e-01,3.998639903785607408e-01,3.817426898880319497e-01,8.042056341945563736e-02,1.212183132858886125e-01,4.975676472327022343e-02,1.017257968062022372e-01,8.670849784474538025e-02,4.703827033807291697e-02,4.912470938708359686e-02,5.949442386629177904e-02,2.579215905003429468e-02,8.972378441605104171e-02,1.694488901058858327e-02,2.198700859438173713e-02,1.488141100956865692e-01,1.635414535715057072e-01,2.018785739587639350e-01,1.093532729972994805e-01,3.879012705278998135e-02,4.190173883723889020e-02,5.817066818650802607e-02,2.366021091511232716e-02,1.010857834872597588e-01,4.409127552504554792e-02,4.788653701740952159e-03,5.468605486692040829e-02,8.714025255289335747e-02,6.033571537237339411e-02,2.381943400098818914e-02,2.318854486453170161e-02,1.763523278841514774e-01,7.332691061968163448e-02,1.197934389776766362e-01,1.807805223959235985e-01
2.203433661214967143e-01,2.290413312828674386e-01,2.179127509589995626e-01,2.249577150698016392e-01,2.083815237460371617e-01,2.180368993723776627e-01,2.206107193524587118e-01,2.212485249091448170e-01,1.102820800879013574e-01,2.229847707125562351e-01,2.262228641430326370e-01,2.250726280005122815e-01,1.956771128904471191e-01,1.823801575030355726e-01,2.143141675844861538e-01,2.132331710115681900e-01,1.519448806438759847e-01,1.476056774366377167e-01,2.044652287670231938e-01,1.589613744943465523e-01,2.272945442306308628e-01,2.281439906223730052e-01,1.242450897098736351e-01,2.115495277195469370e-01,2.083663187365080161e-01,1.587937315561985807e-01,2.311659089668417211e-01,2.266192931392030097e-01,1.154321064806037439e-01,2.274726022117562751e-01,1.741447637022873751e-01,2.216888839283556456e-01,2.172541095309107884e-01,1.877074147184819852e-01,1.826419908856681540e-01,1.808228758539716929e-01,4.644237306146973415e-02,0.000000000000000000e+00,1.376959473613854346e-01,1.614381460152571335e-01,1.962902360550412562e-01,1.717440914535158236e-01,2.281148650422345214e-01,1.649976853241308383e-01,1.654098587241281670e-01,1.567060565831348840e-01,2.037795625690451973e-01,2.269271900376559903e-01,2.246323079792434396e-01,2.221939184319657867e-01,5.189248686580947428e-02,5.233768003295877907e-02,7.159595180046818101e-03,3.377638169780675104e-02,8.523813851681020723e-03,8.975579394806351696e-03,2.106270796286968672e-01,2.281175595319890337e-01,2.242940339799081584e-01,2.242764066357957331e-01,1.532163825570697357e-01,2.326846706611064852e-01,2.243148618425854224e-01,2.282085388179196650e-01,2.324826828401573564e-01,1.018926841184473742e-01,6.587732475634602847e-02,2.231864828562285796e-01,2.188445166819041610e-01,2.182791846748874109e-01,2.302931045154027467e-01,2.222524000820171042e-01,1.948354505469360176e-01,2.296366904228208938e-01,2.082643372261733516e-01,2.316706520867889141e-01,2.323145870628311183e-01,2.313091885814099469e-01,2.286193902486307605e-01,8.634735986253676276e-02,2.066908065681911932e-01,2.340758458288646482e-01,7.571791708627359507e-02,1.487483972530454224e-01,2.308023059111736774e-01,2.203254604479449874e-01,2.305536433554514208e-01,2.302930594046919688e-01,2.193413096777902249e-01,2.296220872566726301e-01,2.324292206741939981e-01,2.315677024890488989e-01,4.094074540636278431e-02,2.287140786382405866e-01,2.277866999377189672e-01,2.056245101973524225e-01,2.269596463096934524e-01,1.405510804235024502e-01,2.319182996346100534e-01,2.302153143679434022e-01,2.301347194155262121e-01,2.055339581703303498e-01,2.309939698216019188e-01,2.321773301521141419e-01,1.836429870662011909e-01,2.229908439912469953e-01,2.158576492273847347e-01,2.229105798714997866e-01,2.147721262904168649e-01,2.182807853350977878e-01,2.230872961055518078e-01,2.193073055687022321e-01,2.148546327122007882e-01,2.289979580115990565e-01,1.388863850429533087e-01,2.194055133710779426e-01,1.869802254001242114e-01,2.316303528673875900e-01,2.003221884140584108e-01,1.206325248339097655e-01,1.207045501935013337e-01,2.244118930549251489e-01,1.532320986155001619e-01,2.250211794620900208e-01,2.333170148630189233e-01,1.427139720428244052e-01,1.618972951831272322e-01,2.237450405160812672e-01,2.146855392865854861e-01,2.278011251758279565e-01,1.613975532746666497e-01,1.794069071837786078e-01,2.187504507815720700e-01,2.146803404487666045e-01,1.832492238888857872e-01,2.226368087897458437e-01,1.873165933948466311e-01,2.014652847513206668e-01,1.299266118951769855e-01,1.511767109404916765e-01,1.392037074077040748e-01,1.308209587482602743e-01,2.110186411907608861e-01,1.426543814591852213e-02,1.577207903171691794e-01,2.137905001289625850e-01,1.583020295505893349e-01,1.286583752478822618e-01,1.559108491428010113e-01,1.478025619298699023e-01,2.097648232892763143e-01,2.237978997963962491e-01,2.291502158658009769e-01,1.158058974230523619e-01,2.144623155744112830e-01,2.248091639257034646e-01,6.012316008262325040e-02,1.445823818265404015e-01,1.149829296871992812e-01,2.315408650231745025e-01,3.483001472557235162e-02,3.384513475522248072e-02,2.930785064320568303e-02,8.543446674688036369e-02,2.275174102262486897e-01,2.171398436466444870e-01,1.084555284899799826e-01,2.142972714918556232e-01,2.303526384365587043e-01,9.735569304828536885e-02,1.075858170964469201e-01,1.750238295669638844e-01,2.130076841157163836e-01,2.279575898659040867e-01,2.294417514637197286e-01,2.302349636243120057e-01,6.600347523112065629e-02,2.314296899310901434e-01,2.216638424692848330e-01,2.314578929319924816e-01,2.184017689584352440e-01,2.314387795649044122e-01,2.313965499325551511e-01,2.309537153754481764e-01,2.303111340237809779e-01,2.321919400598755068e-01,2.318447690107864612e-01,4.527739532364162545e-02,2.315638543309076203e-01,2.232626296543939459e-01,1.873000896281437344e-01,2.304341851596078405e-01,2.290469013028964274e-01,2.233678835863791845e-01,2.247856942601888230e-01,2.254705177513567360e-01,2.303637193856032661e-01,2.257781893899875325e-01,2.282131684426937923e-01,2.035310630420504308e-01,8.367732418733700439e-02,1.193888811845199571e-01,5.009310785854015347e-02,1.023483111259684830e-01,9.009003592944543615e-02,5.245387823990012993e-02,4.462115434257488827e-02,6.616558955832387012e-02,2.630496663966119114e-02,9.187160112374923027e-02,1.840108382188141919e-02,2.386729442142781002e-02,1.555085083971121662e-01,1.783296229442337399e-01,2.069645178530223617e-01,1.114959660487786358e-01,3.833980046638122557e-02,4.227169411623420137e-02,6.089546655827348526e-02,2.375569126002323103e-02,1.046743119345788092e-01,4.826182163880437387e-02,4.844079401927686712e-03,6.250857161602864365e-02,8.572638877545332714e-02,6.100628951792981536e-02,2.468511766494172269e-02,2.395919404724951296e-02,1.821254095803632456e-01,8.610452044033015118e-02,1.276891073261995357e-01,1.838770475890821599e-01
2.513449280389604135e-01,2.275252736469876857e-01,2.716263159011501060e-01,3.729993928664597225e-01,3.578714643124805139e-01,3.733642844367380254e-01,2.382953709477856619e-01,3.502746260571513726e-01,1.148409695004991155e-01,3.856451902706827806e-01,3.940028747451489455e-01,3.939300802715805516e-01,1.899211935765630632e-01,2.772216217370312430e-01,3.840361713933452825e-01,3.234708137127857985e-01,2.425485771942193225e-01,1.704585095675954509e-01,2.861072294719488318e-01,1.446988950687931597e-01,2.869154658508041300e-01,3.620416479584598890e-01,1.249611197529956336e-01,3.726224351952210356e-01,3.236985891581862784e-01,1.752528776931458199e-01,3.560304361480589597e-01,3.466387786880456012e-01,1.124333435027258937e-01,2.324126085714964263e-01,2.450791570289292121e-01,3.409864575594487301e-01,3.468590988374548045e-01,2.296609913368070077e-01,2.110357853327632927e-01,2.168334281896305560e-01,2.319421673322389355e-01,1.376959473613854346e-01,0.000000000000000000e+00,3.101089709623961466e-01,2.055897028943442506e-01,1.849973498549691286e-01,3.484356786526006666e-01,3.765393409711787487e-01,3.523531221259342816e-01,2.268348874774289703e-01,3.224313364295817164e-01,3.828630805492110878e-01,2.497891102207900338e-01,3.352301469657981703e-01,5.111039308466928943e-02,5.039902558709164621e-02,6.606539359449925368e-03,3.108426792964848195e-02,4.827294117635142282e-03,1.096949106047656955e-02,3.157366115183969923e-01,3.906394842592795236e-01,3.384816038903099567e-01,3.506526627881418334e-01,1.634747761510691733e-01,3.940658074571589675e-01,3.529239613977783740e-01,3.230570261080791261e-01,3.110492694077898745e-01,1.009433256639425264e-01,6.482772648585133357e-02,3.972479606398247598e-01,3.922479731142085591e-01,3.975093047948555225e-01,3.938762149842537919e-01,3.972686295231578346e-01,3.445910706380211908e-01,3.938612176819837885e-01,3.931872333427341992e-01,3.862582791232245794e-01,3.969342723459115541e-01,3.857557737551221555e-01,3.971849190565270304e-01,8.503776317520680972e-02,2.043011624120039116e-01,2.986385077492983986e-01,6.621905812346434717e-02,1.464181721274730730e-01,3.697687204329189736e-01,3.835382929737973234e-01,3.691376969686799292e-01,3.878395543793112799e-01,3.914662605968585174e-01,3.964294177865522739e-01,3.454897332503053531e-01,2.778281125423574527e-01,4.395395228150891093e-02,3.776533885201878715e-01,3.718350009775390208e-01,3.496115061326425244e-01,3.680123428350952075e-01,1.497633973586541267e-01,3.209035203829970206e-01,2.997830087777834107e-01,3.020501192102394428e-01,3.411129810786346361e-01,3.836689123723425743e-01,3.426066036403034309e-01,3.350135758742843195e-01,3.742864734101096769e-01,3.783444233287062697e-01,2.958721830150409238e-01,3.855733287364235262e-01,3.072331408901148309e-01,3.930863556359975863e-01,3.874497643144648729e-01,2.790402380029843310e-01,3.116747926858868811e-01,1.328896066618106553e-01,2.164665403877170935e-01,2.597617680461460354e-01,3.389609531253876540e-01,2.012031385580563270e-01,1.265436755129993318e-01,9.748994761900912909e-02,2.923300995079279319e-01,1.393973677085082741e-01,3.600349394115984203e-01,3.757931304144974671e-01,1.465625427504116118e-01,3.071822762452886546e-01,3.111106212420168826e-01,3.557061205745448151e-01,3.744123108184417847e-01,1.457231040276917855e-01,3.112281211439703044e-01,3.656707896538961000e-01,3.759330050497524112e-01,3.153196958750047463e-01,3.541870795180365183e-01,3.379163462261424167e-01,2.990233523075832012e-01,3.016127600317536905e-01,2.178401865193903830e-01,1.717556483269034040e-01,2.993104090134349748e-01,3.032642710898978966e-01,1.446495725809969837e-02,1.503132961951446078e-01,3.242207139152609718e-01,3.606540516636276839e-01,1.350245426317103203e-01,3.817961113829240194e-01,1.604122474255268160e-01,3.707019710748468144e-01,3.974988321750768105e-01,3.952992649934402025e-01,1.165961331362897202e-01,3.281839370477885875e-01,3.738860843401792255e-01,5.076159677713232288e-02,1.313338929564772106e-01,1.133708014143466336e-01,2.871438036510041703e-01,2.456022573056872854e-02,3.030218574543872695e-02,2.761630132899142026e-02,7.583585791842606394e-02,3.964857677346506071e-01,3.828743087820777324e-01,1.265764163517504870e-01,3.320084392130665529e-01,3.930310703016931528e-01,1.024546262162134430e-01,1.107300538492423797e-01,1.854757010299555031e-01,3.875992795229389887e-01,3.927972645071649560e-01,3.865951646667151187e-01,3.684119224957481675e-01,6.689312921794778044e-02,3.978286483611467861e-01,3.382396083515986085e-01,3.976036107850798307e-01,3.970769231439424951e-01,3.965077266139139800e-01,2.887373810292759302e-01,3.844670184157462645e-01,3.904917082947798601e-01,3.960404990729607944e-01,2.640934291794496125e-01,4.598866824679131299e-02,3.812184842741448421e-01,3.972300529243490974e-01,1.613062972509456405e-01,3.925870307747442167e-01,3.666282976998078147e-01,3.782138447552979010e-01,3.923500415580625789e-01,2.512177851421323882e-01,3.563989145375712764e-01,3.504597773537152516e-01,3.651214395659602152e-01,3.198836709843096426e-01,7.792008562132517191e-02,1.220309749628773754e-01,5.033820908812596667e-02,9.803382558851224393e-02,9.234887217642903656e-02,4.587721680643074007e-02,4.968768184255882570e-02,6.353899131106623133e-02,2.791156662562083168e-02,9.548814597701874018e-02,1.814928348374324207e-02,2.318113112048396374e-02,1.543357302203441639e-01,1.791854813572261729e-01,1.859106152615906671e-01,8.972703321649784514e-02,3.819558876580458895e-02,4.362161068768580924e-02,5.831850642713933691e-02,2.303966855226603425e-02,1.008209870775511469e-01,3.970249101105221418e-02,4.515277367698902408e-03,5.181303642009435495e-02,8.421301638477464435e-02,5.651612684634405026e-02,2.299189657959503988e-02,2.210557662404117468e-02,1.782220517678211602e-01,7.675717133874569720e-02,1.089215937748297391e-01,1.629446648521274132e-01
2.747123373274801827e-01,2.277514782827053941e-01,2.719495687943817575e-01,4.914036494091437168e-01,4.900993555834172732e-01,4.381790526073308101e-01,2.443899707802773824e-01,3.547304516967735855e-01,1.130865973514068590e-01,4.053747145039413580e-01,3.955373568286073005e-01,4.744692316372988716e-01,1.956650685675967172e-01,3.285061100582546412e-01,3.913953477019419536e-01,3.188069718815694231e-01,2.064104759304720982e-01,2.119692521848999256e-01,2.812989467958807999e-01,1.287895695075885749e-01,2.763739781570070941e-01,4.594171852760171038e-01,8.903480611870170924e-02,2.741706383258666890e-01,3.980360140717810746e-01,2.367013975174749388e-02,3.564812925389578280e-01,3.778242825825061657e-01,1.181382406327635554e-01,2.559878065717667295e-01,4.766120933720103259e-01,4.917101864438446213e-01,4.924328776741772051e-01,4.634481689029530949e-01,1.237420073436743262e-01,2.945001938425677035e-01,2.473498602345668151e-01,1.614381460152571335e-01,3.101089709623961466e-01,0.000000000000000000e+00,1.141226738159423909e-01,6.869192017462612265e-02,2.793612663331093149e-01,3.924223167815143465e-01,2.498333341177420563e-01,1.983872627646988962e-01,3.392224754921556173e-01,4.337223943764617617e-01,2.121162540241960104e-01,3.037280788289098421e-01,4.087295293346734221e-02,5.413165151573656048e-02,2.633444306777740773e-03,3.074951332005730967e-02,5.999132565258824892e-03,7.928450027783829138e-03,2.615077502801962384e-01,4.895502308708812311e-01,3.694745536021156740e-01,4.026566468126148712e-01,3.140419970093453195e-01,4.425148458183901790e-01,4.852698461709215594e-01,3.541001736972371750e-01,4.930103548281786208e-01,9.146385266453473106e-02,6.473520196715926156e-02,4.913458067893080594e-01,4.865946980415027379e-01,4.453952987540115704e-01,4.921794490119317800e-01,4.877405454663140127e-01,4.903480496248163734e-01,4.011516038803809581e-01,4.740487090065442777e-01,4.742796841822802256e-01,4.832358120012831826e-01,4.226308153387258182e-01,4.842434114847420368e-01,8.600259102427755542e-02,2.049446856131574846e-01,2.992623692106661237e-01,7.628348229647276268e-02,1.493549678328772445e-01,4.647096213869686410e-01,4.874849929743016452e-01,4.847813990900062819e-01,4.831809434459409802e-01,3.843809253468380982e-01,4.799217135267900836e-01,4.947834113722742733e-01,2.917956961547493733e-01,4.351652798941287037e-02,4.586476377642782487e-01,4.928244603468928675e-01,4.731334163407233118e-01,3.688954910490206962e-01,1.508295877112072192e-01,4.938825050007965567e-01,4.914970004847297180e-01,3.188517906398813384e-01,4.123937129171376115e-01,3.933322706616738107e-01,3.465908569137979289e-01,4.509243116242760419e-01,4.957706543118487463e-01,4.005742800965331196e-01,2.909869420069324253e-01,4.811291726392892265e-01,3.063588446722759762e-01,4.324963668173682496e-01,4.211607962077033029e-01,2.281747376283814466e-01,3.181158762112344385e-01,1.507843852788423589e-01,2.218367740064879079e-01,2.252321843927633238e-01,3.408237485861383975e-01,2.121274061994340432e-01,1.563432693902964132e-01,1.019986204830303778e-01,2.932440086371163046e-01,1.384679801161334545e-01,4.562969330887175490e-01,4.557687805410436943e-01,1.161370308344622099e-01,2.400322316638778819e-01,2.439133346888937293e-01,3.057674819469749505e-01,3.821993198949873993e-01,1.620303940456850333e-01,4.766768319709306367e-01,4.933618166100348645e-01,4.573122621634283513e-01,3.940939806392914635e-01,4.940898726848910738e-01,2.550868722148498247e-01,4.295533098260215232e-01,4.814498663312355431e-01,1.981555706829959962e-01,2.388583428874365699e-01,2.241258924577223532e-01,4.930404978779538427e-01,1.166606962533742707e-02,1.312992330749538361e-01,2.133036066424694455e-01,2.751709849879152570e-01,1.479125960616458069e-01,3.466613274129911604e-01,1.733438413302696990e-01,4.661155800526712301e-01,4.084405963399760364e-01,4.830406216286734500e-01,1.168654444172834983e-01,3.000467694388141981e-01,3.470823173184059418e-01,6.166740060385728778e-02,1.418663631649607071e-01,1.149711893082242531e-01,2.891034628827210962e-01,3.608863346462639482e-02,3.393946413372968263e-02,2.855806428628430982e-02,8.905815143652086319e-02,4.937027986680206926e-01,3.758105397671520076e-01,1.405930421457931290e-01,4.084365348087441450e-01,4.913519489734100021e-01,8.804919027522731256e-02,1.106204479207753832e-01,1.869282333340731850e-01,4.927485366102877240e-01,4.829471455493696275e-01,4.943392427073700079e-01,4.944858581376359585e-01,6.804013460835162119e-02,4.936384880142222764e-01,3.440861653190009917e-01,4.544959315085930762e-01,4.902137010222980540e-01,4.928229793328154362e-01,2.896720751635156743e-01,4.806153137342379922e-01,3.929509029080913152e-01,4.947310160927496092e-01,2.628546439815853120e-01,4.227389687696384013e-02,4.873813284726551953e-01,4.223837133435608959e-01,1.865137941402207067e-01,4.150216516985165693e-01,4.936525563277651685e-01,4.916617150601964026e-01,4.364689936729324593e-01,2.602373688982350664e-01,4.857200285488913472e-01,4.913193547129621752e-01,4.865524653487643958e-01,4.921395637694153669e-01,8.412544590830033087e-02,1.216131722627990658e-01,4.833298515196447764e-02,1.032330056063026219e-01,8.683064720878157228e-02,5.274277383664820185e-02,5.890351222937256770e-02,7.570880032941640359e-02,2.051760283862586604e-02,9.046981489803668230e-02,1.728071503727598643e-02,2.146090872319563261e-02,1.442881180484631432e-01,1.534883413143024178e-01,2.049368725203502828e-01,1.083885945699820941e-01,4.060157187208775914e-02,4.234878742346171593e-02,5.696887421382094974e-02,2.270924562343964309e-02,9.993787080004072620e-02,4.268528794591140707e-02,7.772124963033481132e-03,6.221290792801398295e-02,8.600547445327688667e-02,5.956963932083150781e-02,2.440138258230587290e-02,2.327278138339791344e-02,1.712629388659580587e-01,7.252476666908611036e-02,1.238103270424936592e-01,1.860928011150464745e-01
2.102809571428309876e-01,2.152008958396575966e-01,1.883143113219352682e-01,2.097858786277998211e-01,2.169917266720101379e-01,2.129231872630059086e-01,2.075834100439022389e-01,2.092684502611080188e-01,1.065987036320849984e-01,1.994261481315864892e-01,1.935959650045555591e-01,2.096525197916806471e-01,1.613355655139187550e-01,2.048891076893896990e-01,1.860092217091697531e-01,1.963702717236140149e-01,1.806647889245622529e-01,1.979358798553379206e-01,1.946853138635254998e-01,1.277292405756909610e-01,1.210453478643807451e-01,1.722572379130432318e-01,6.503081746736964763e-02,7.391119540966155366e-02,1.665293459266604381e-01,1.207416490901857126e-01,1.937436399720724733e-01,1.694331418642144593e-01,1.216383403839071536e-01,2.169317199014881292e-01,2.139936543177657635e-01,2.182393603121178527e-01,2.172694373629614761e-01,2.119845871799020398e-01,1.825480507233477323e-01,2.021913219635315395e-01,1.844880275681912152e-01,1.962902360550412562e-01,2.055897028943442228e-01,1.141226738159424187e-01,0.000000000000000000e+00,9.183486976188243167e-02,1.070974665480988880e-01,1.512613724744049926e-01,1.034652226474037096e-01,1.768526463735597132e-01,1.050214636165562876e-01,2.057036182463541085e-01,1.325431364737245377e-01,1.506930779092463535e-01,3.805550256543691057e-02,5.382541394841267035e-02,2.873406739304750022e-03,2.663148726026455179e-02,4.677470847243059976e-03,3.416894403301415015e-03,1.706976403755595117e-01,2.048796521746990007e-01,1.915062166060989557e-01,1.725637822418745193e-01,2.116337749284816772e-01,1.610077079407801204e-01,2.174846140762713154e-01,2.092602383884908379e-01,2.187978789269072188e-01,7.190373711442804572e-02,5.410566720434313581e-02,2.029012929465958126e-01,2.171610617621524963e-01,2.171332438310873136e-01,2.137015517486474114e-01,2.000896583520253569e-01,2.122475593437193886e-01,1.970419541520223861e-01,2.174053476879365954e-01,2.170405683805760877e-01,2.160323959572590935e-01,1.965049455741521844e-01,2.177558910977253070e-01,7.954804348435288996e-02,2.028772145265561322e-01,1.974736605211251106e-01,7.088228856828734936e-02,1.434962882297699527e-01,2.190937682532580200e-01,2.177023190541120257e-01,2.159249867769110487e-01,2.174419471239981139e-01,2.174997679880067147e-01,1.837871245218211380e-01,2.160953500786723103e-01,1.945768295433528416e-01,3.830690770836042702e-02,2.131328683162173332e-01,1.968312871976232448e-01,2.076095004524410592e-01,2.006064603332325669e-01,1.435031002396636723e-01,2.123654384923467642e-01,2.184218029708312192e-01,2.152096088866699009e-01,2.156120449540607498e-01,2.125414050595398063e-01,2.175328767203792424e-01,2.157584995136812567e-01,2.118852238481009065e-01,2.044563600022235583e-01,1.957361024759489976e-01,1.999563362302571035e-01,2.033600180046173933e-01,2.007071677069426074e-01,2.036959311324043898e-01,1.598001901178692785e-01,1.918647171619216329e-01,1.345948530868812665e-01,2.159799209881019810e-01,1.915729562404218378e-01,2.123511071048675702e-01,1.872124804019051902e-01,1.661111355225801389e-01,1.066544260679405387e-01,2.056411999287640624e-01,1.307696989512266150e-01,1.727326762460694165e-01,2.075754930400057208e-01,1.065099012186845051e-01,1.063205217311636863e-01,1.342696431295083703e-01,1.346549649291603479e-01,1.956277878955508254e-01,1.624702118011407403e-01,2.077705544804250848e-01,2.172832983395649731e-01,2.141913972304850533e-01,1.929631498670223433e-01,2.167304435736241153e-01,1.494835935042568009e-01,2.114802675926098496e-01,2.091204309229368896e-01,1.934906494407451494e-01,1.988028685480306701e-01,1.037650013681414018e-01,2.142841221979422395e-01,6.936705358969920236e-03,9.234327228090680184e-02,7.444765169585791653e-02,1.068220840254828358e-01,1.369899482635797416e-01,1.673174927358717368e-01,1.951413247926435390e-01,1.827596392453502694e-01,1.370005037895974387e-01,2.168017515407853757e-01,1.032514422557978262e-01,1.629697865508689669e-01,1.606069376672136506e-01,6.079115557351650462e-02,1.344285263672701236e-01,1.127948071945162750e-01,2.157489676446245619e-01,3.004167640090466690e-02,3.235995699587251861e-02,2.438705283935015122e-02,8.904766124175585162e-02,2.145184702330442672e-01,1.532158050896480217e-01,1.826400734347565225e-01,1.756794086937892019e-01,2.088534449769459955e-01,7.183158269005292251e-02,1.128296863294209473e-01,1.828653042551287855e-01,2.179162901720825274e-01,1.900280384509632770e-01,2.157069864615238086e-01,2.160520688321052318e-01,6.887004868875401531e-02,2.119057092213939564e-01,2.012519408776479168e-01,2.007526255135253790e-01,2.073305988600325223e-01,2.165278935559400986e-01,2.062377313937185930e-01,2.157837889738785375e-01,2.118829066409251838e-01,2.106182308254102298e-01,2.004874226082604960e-01,3.245480111675211332e-02,2.171185443380387603e-01,2.172227848027152020e-01,1.877285644331816716e-01,2.182284457823301105e-01,2.157586510084850140e-01,2.178965710637043585e-01,2.110797521030677859e-01,2.103612225263189472e-01,2.135808116503342124e-01,2.173145931103072082e-01,2.170274134667129207e-01,2.148570825778320648e-01,7.865931274250040350e-02,1.111259265068389734e-01,4.420280057889901248e-02,9.507675332716017391e-02,7.239428795622430968e-02,4.813890568443746770e-02,5.728679371946267945e-02,7.588898808657952577e-02,1.641798883539929629e-02,8.739564220913996484e-02,1.619646821254137198e-02,1.903816591744776285e-02,1.342428071046237459e-01,1.396444553705250557e-01,1.928361951176590094e-01,1.039931279834792888e-01,3.454990554935170877e-02,3.756857500490290436e-02,5.125967245220180990e-02,2.086152152174514454e-02,8.112647983422714704e-02,3.989758810852797599e-02,4.983598226892147973e-03,5.917486896196082896e-02,6.984978843919961711e-02,5.413759550423817568e-02,2.378058621274956042e-02,2.367262697014414774e-02,1.587445855175533549e-01,6.562437450434058239e-02,1.141242736094498222e-01,1.776324634616254228e-01
1.827348751995469256e-01,1.784210143675910298e-01,1.752876156766720595e-01,1.864045977931156894e-01,1.832759142820012677e-01,1.856198798986692378e-01,1.833547719262372810e-01,1.819270603837167544e-01,1.130297378409828440e-01,1.773119510673370480e-01,1.717517502155975206e-01,1.820929897915200546e-01,1.514124029499044899e-01,1.805920036756703539e-01,1.540103594957728805e-01,1.533533476135343632e-01,1.513370647757000809e-01,1.658524466113377172e-01,1.712895978836623812e-01,1.163552291611479605e-01,1.678772405652632360e-01,1.755924746654770607e-01,8.604715402133339408e-02,6.839313344286264418e-02,1.812116403810149212e-01,8.730643733209296486e-02,1.711561098849763984e-01,1.676475978303891834e-01,1.210165839855445874e-01,1.827977069646408714e-01,1.821150112911621433e-01,1.814378160714280042e-01,1.784694810121606467e-01,1.820674973708601707e-01,1.596255344818794941e-01,1.819027689491582722e-01,1.692135770265577599e-01,1.717440914535158236e-01,1.849973498549691286e-01,6.869192017462613653e-02,9.183486976188243167e-02,0.000000000000000000e+00,1.163282099199231256e-01,1.613250781535322809e-01,5.268144575475547375e-02,1.261868498439949471e-01,1.424361919425514711e-01,1.844966215020217848e-01,1.277439517663855051e-01,1.411326200766647720e-01,4.575923683709903766e-02,5.211911812823399187e-02,4.348628626513115041e-03,3.209059092343390096e-02,8.168817506782055649e-03,9.433343227006328949e-03,1.698846774130775839e-01,1.843417912070235698e-01,1.719439607395650549e-01,1.609358906127025812e-01,1.849900628557561433e-01,1.537074972012372198e-01,1.756173394658308573e-01,1.843859763206776581e-01,1.762745499930380710e-01,9.550240731440406972e-02,6.437882343704123822e-02,1.848982256377119660e-01,1.815564366478637226e-01,1.851297960655372832e-01,1.849358683376941259e-01,1.799575973976920151e-01,1.837434007193974317e-01,1.663124776609334887e-01,1.753614789151803910e-01,1.824594519697346762e-01,1.747741231413285079e-01,1.775336316751435772e-01,1.818924027210760408e-01,8.607325045447768164e-02,1.856943119135091858e-01,1.833944635602435813e-01,7.583121502956757798e-02,1.494678222820299829e-01,1.801612842517466284e-01,1.764187014095341399e-01,1.692985407724575675e-01,1.753474206653932166e-01,1.799855968747953172e-01,1.762464979653076691e-01,1.827929566610551892e-01,1.845784154834797519e-01,4.258307083614224636e-02,1.844557758670570813e-01,1.843385461566807160e-01,1.856011281196847940e-01,1.830034246585990343e-01,1.569719457564887621e-01,1.796978712494538277e-01,1.720261456385926979e-01,1.851772271240641476e-01,1.834130759229847529e-01,1.841250769148439492e-01,1.847600536587071518e-01,1.849645716413312047e-01,1.845983539278823471e-01,1.791440405124019586e-01,1.784427312236187280e-01,1.804515207790909070e-01,1.778386567922300154e-01,1.734533176408578903e-01,1.808223419385182051e-01,1.648387382741399454e-01,1.671541581126825549e-01,1.467168022142568418e-01,1.841587903741704890e-01,1.782704105691210461e-01,1.775834722779435770e-01,1.639851971721972834e-01,1.675812418568234652e-01,1.213098661962680735e-01,1.827577620982315798e-01,1.247614029348986936e-01,1.826100348600103451e-01,1.845910382233114377e-01,1.253779544286724168e-01,1.374830406870394817e-01,1.214263799908509162e-01,1.474207053939594614e-01,1.745439506186739487e-01,1.707951581194595836e-01,1.855604801337840115e-01,1.839989928259127827e-01,1.853471771867326312e-01,1.741048391623545577e-01,1.728770845004337642e-01,1.315982488315550480e-01,1.853682973741046791e-01,1.868092942169622406e-01,1.764522979320437279e-01,1.756792541802592589e-01,1.101957614052532647e-01,1.829284915795993671e-01,1.613932670810292944e-02,1.448908184804710564e-01,6.084836944626103444e-02,5.836826130897827120e-02,1.519672005526758463e-01,1.470408261954033180e-01,1.584022924335746485e-01,1.734000180277423253e-01,1.154898481204258420e-01,1.813672124388264473e-01,1.093728500917749147e-01,1.289558818954183450e-01,1.450337202285071903e-01,6.171030350507891032e-02,1.452593250072555520e-01,1.136660293774594821e-01,1.852714817821197735e-01,3.867641474300897997e-02,3.385392244403649664e-02,2.950448630141714462e-02,8.855908594527622801e-02,1.850086385579197135e-01,1.516022469397562689e-01,1.806128975741643217e-01,1.569401528926124834e-01,1.842331357171128059e-01,9.323675583797659538e-02,1.098001630499511605e-01,1.836992642585637270e-01,1.845308065514901785e-01,1.687352385209601735e-01,1.788913211444998208e-01,1.812385918686503783e-01,6.770288569399253442e-02,1.840901237114085931e-01,1.843345457856110647e-01,1.808044035676362460e-01,1.792685807023577382e-01,1.845803676349921374e-01,1.728793775163159907e-01,1.698299348534545727e-01,1.855359846330972284e-01,1.851827285828158975e-01,1.824497823367281779e-01,3.760377036955677571e-02,1.720936675976980912e-01,1.743384757886503877e-01,1.701529721219511293e-01,1.733304711750419946e-01,1.738811845903448783e-01,1.801748040998261413e-01,1.831177420699257041e-01,1.846193365982762291e-01,1.732274009885146904e-01,1.724725477318626299e-01,1.799527414297668604e-01,1.843149054248471030e-01,8.564001606536608691e-02,1.226879610809545051e-01,5.191213223054370191e-02,1.035893688899285070e-01,8.655394685629129448e-02,5.757234181319386551e-02,6.292048561757224157e-02,8.384487224137848749e-02,1.456349291829377515e-02,9.050200608198420704e-02,1.511613135293863978e-02,2.013630187002946048e-02,1.434645381991509205e-01,1.397863065034574137e-01,1.778007742798828339e-01,1.082256977470132664e-01,4.274213468799686194e-02,4.242894631587112303e-02,5.874145155791229284e-02,2.279055732554543384e-02,1.001144867347556200e-01,5.463140909294331854e-02,7.545030122371004268e-03,6.733306510626944907e-02,8.503925273804954776e-02,5.811749555227027630e-02,2.567654734572812417e-02,2.385304646401750078e-02,1.594638095680911416e-01,6.956634511367582041e-02,1.259121789719145901e-01,1.821803216372686884e-01
2.714343887556331936e-01,2.236757576312437823e-01,2.533636196129413487e-01,3.936784803320954040e-01,3.991030908074902350e-01,3.955449363637572602e-01,2.410648411236433475e-01,3.556635622304012423e-01,1.134916035030515136e-01,3.888200913991822771e-01,3.906791479573573089e-01,4.002052879508418703e-01,1.767894582301352269e-01,3.497945776431419240e-01,3.836838325061061039e-01,3.280614207047396480e-01,2.854123516311019015e-01,2.531927271348355379e-01,2.971565594971593005e-01,1.351385862789583336e-01,2.521446122426244663e-01,3.696522048790692461e-01,9.354272019424009210e-02,2.776545782037985743e-01,3.713288360704071756e-01,1.496054339327407279e-01,3.279602553180449576e-01,3.368575625850540045e-01,1.151358846128651275e-01,2.555725132609565353e-01,3.979997152209196476e-01,3.882745703714706176e-01,3.865488301864463128e-01,3.731532713360763420e-01,2.593547867939747786e-01,3.484210738696191245e-01,3.762494857042360530e-01,2.281148650422345214e-01,3.484356786526006666e-01,2.793612663331093149e-01,1.070974665480988464e-01,1.163282099199231256e-01,0.000000000000000000e+00,3.736467930298500995e-01,2.554305364751048857e-01,2.701137236455135038e-01,2.341434874073492767e-01,3.660895149305346541e-01,1.376129902240823821e-01,2.554126906084658311e-01,3.882697020597877802e-02,4.881070485012112270e-02,3.629979521041150955e-03,2.438228023558727461e-02,3.513838074206987374e-03,4.898478224270500989e-03,2.560970345565491968e-01,2.935007213810750248e-01,2.582851054832796533e-01,2.358180648140874580e-01,3.035529870407318587e-01,2.161090116397182126e-01,3.624484191995925308e-01,2.272069373888576382e-01,3.754951131041559531e-01,6.069459920216362103e-02,4.245769800552544326e-02,3.184311741420668973e-01,3.745531686447780007e-01,3.577482644889474206e-01,3.709921355548908561e-01,3.995287605762007366e-01,3.985160213808508489e-01,3.908178464921581718e-01,3.941875034669673483e-01,3.586416867435362477e-01,4.003591625787903396e-01,3.914230165327921007e-01,4.008070050480468383e-01,8.236399923227744058e-02,2.008217328666370149e-01,2.790584363532476742e-01,6.298858981872289264e-02,1.337735707234199711e-01,3.974388582049198648e-01,3.892096696908475817e-01,3.954783628535705198e-01,3.846903673578266902e-01,3.665059824084272999e-01,2.904442295034720400e-01,3.428540142221099263e-01,2.397439127308499396e-01,2.908081007125517745e-02,3.451334850258791498e-01,2.790039892863603321e-01,3.736704960527650887e-01,3.671251849383372901e-01,1.428641377961827330e-01,3.809308293098681020e-01,3.943030313354774496e-01,3.125787787614848767e-01,4.004728638627304549e-01,3.847975326979262145e-01,3.433755881290609380e-01,3.977008404152848065e-01,4.007156249694691641e-01,3.894646813736246105e-01,2.945218650828679841e-01,3.903033758047940172e-01,3.060158528448826409e-01,3.926488996665862263e-01,3.987763621302201078e-01,2.496358730975642981e-01,3.080137065658340445e-01,1.426479763111623555e-01,2.164745485290200944e-01,2.963989242639512023e-01,3.356048452736041243e-01,2.184169155634066162e-01,1.716478593872710623e-01,1.157539604860123722e-01,2.949266599387556087e-01,1.308911830117494846e-01,3.660569300359678424e-01,3.881938324518801053e-01,1.215183351418692437e-01,3.085702244000734784e-01,2.414193467190277609e-01,3.211173060061570661e-01,3.577827242405292596e-01,1.471012570656636265e-01,3.980878241116547200e-01,3.962082464912699553e-01,3.937753431161993833e-01,3.567934452642016474e-01,3.987831937228926704e-01,3.073648409045891539e-01,3.758681936950658553e-01,4.015237081083815607e-01,2.621248972162489310e-01,3.176783721625797696e-01,3.305354406217184127e-01,3.948813125641180144e-01,1.063578901456035779e-02,1.298625985545632522e-01,2.301044451170181360e-01,2.934470768318114264e-01,1.548076799892257882e-01,3.867833042340052541e-01,2.041760144349759609e-01,3.862328720330959198e-01,3.180325602970000554e-01,4.001738832267648371e-01,1.070925384660636054e-01,2.910668457945615462e-01,3.218518260222696381e-01,5.951301462945243065e-02,1.378476053910129284e-01,1.139317797660318737e-01,2.893150156976648790e-01,3.210799915260969389e-02,3.287638909894046585e-02,2.334322259750039319e-02,8.845349212902509084e-02,3.908625406719769546e-01,2.939085975351318214e-01,1.677887151661897058e-01,3.027560673158291582e-01,3.630680368749500952e-01,8.585306449619156677e-02,1.126228614891550128e-01,1.699487500870399126e-01,4.005981551183303568e-01,3.561888888120750551e-01,4.010135280816023440e-01,3.981966586745566139e-01,6.011902265346733693e-02,3.911707208378934486e-01,3.243673270284480603e-01,3.742416061605560174e-01,4.011352497160807218e-01,4.000859637864839780e-01,2.928695639433795406e-01,3.885353309637765151e-01,3.869892109435614236e-01,4.012605645364172302e-01,2.589947882478282337e-01,3.842283952769174477e-02,3.965083768987371915e-01,4.008039840351553251e-01,1.878555403791262457e-01,4.009609617910937507e-01,3.920161024717517817e-01,4.002652135535632039e-01,4.005944182919334851e-01,2.586326316633111855e-01,3.960853203725315241e-01,3.993974362229351649e-01,3.985949408314503062e-01,4.005924037987991237e-01,8.171191788959100699e-02,1.176328806833212420e-01,5.018480997253377957e-02,1.005209838727881694e-01,8.820062530839821446e-02,5.520335549359899063e-02,4.956246569351307335e-02,7.552298922519225244e-02,2.066000644715004775e-02,8.849322920345688293e-02,1.800260507445353847e-02,1.976731262520248569e-02,1.437177502377457450e-01,1.559438587402539600e-01,1.822264494608355767e-01,9.691236621687089603e-02,2.660615872688558425e-02,3.741758565315648349e-02,5.223101107711698721e-02,1.597193577471608950e-02,9.334294837120127308e-02,3.808907525316225506e-02,4.117992328765721251e-03,4.544969015578203403e-02,7.672266201873609304e-02,5.180531321505713049e-02,1.925555746321509429e-02,1.999651492589318152e-02,1.313939131104576441e-01,6.441523225241649331e-02,1.067026225664482464e-01,1.611826400450961927e-01
2.609077179708002014e-01,2.202819181975831098e-01,2.389875632328717081e-01,4.263336599985567132e-01,4.104966309290354887e-01,4.050365822465136212e-01,2.156948841272297857e-01,3.192900518292750012e-01,7.659845463839641544e-02,3.589805160426514097e-01,3.040150106158542309e-01,3.799631980691283162e-01,1.683403707094984769e-01,3.484840359056038395e-01,3.768329623849357435e-01,3.239804836833720114e-01,2.715295474461109082e-01,2.601208894292648122e-01,2.087233437932018432e-01,1.377720685015682289e-01,3.055867847532574011e-01,4.290043680643826907e-01,1.167278811648647385e-01,4.074660474547079914e-01,3.981997502877525630e-01,1.915671541794183863e-01,3.546004090757897131e-01,3.845843202987810905e-01,1.135799737630670131e-01,2.522406328225910710e-01,4.012582131539516594e-01,4.263919445398877683e-01,4.110879383263651987e-01,4.093316366967744147e-01,3.198575672412495852e-01,3.912127183029301958e-01,3.556519569813156312e-01,1.649976853241308106e-01,3.765393409711788042e-01,3.924223167815142355e-01,1.512613724744049926e-01,1.613250781535322531e-01,3.736467930298499884e-01,0.000000000000000000e+00,3.230953021511580037e-01,3.015705688678582685e-01,3.616863892858301899e-01,3.480009822464898983e-01,1.850458504164640416e-01,1.968987012454226637e-01,2.636927649035988863e-02,5.324506986507871603e-02,3.206364685699703791e-03,2.155892237002960191e-02,6.290570150271723553e-03,9.655824505801843469e-03,3.029399971776865486e-01,4.158996776754487201e-01,4.287219647295196223e-01,3.984472933701985187e-01,3.388180609406918342e-01,3.717344631912884445e-01,4.334141807148416681e-01,3.578269577965964565e-01,4.276747419486728319e-01,7.437817345831644611e-02,5.636790780245114901e-02,4.130402344539990667e-01,4.301650149339574791e-01,4.323760704339996708e-01,3.988645290156387913e-01,2.266665254519814876e-01,2.863831885933733612e-01,2.896638948438558514e-01,4.321555570356881981e-01,4.180998372832795407e-01,3.965573234605210828e-01,3.214252374574062543e-01,3.834127560407201707e-01,7.289879079918780425e-02,1.907752525455247705e-01,2.294823139645122689e-01,7.528280591241455488e-02,1.375327493709513071e-01,4.298023082813295925e-01,4.175400733192524139e-01,4.314942293194130585e-01,4.278022799580376567e-01,3.893513282338158521e-01,3.709255676885294117e-01,4.322611495818705074e-01,2.751496716996240655e-01,3.885722986051723393e-02,4.294565501909835548e-01,4.322402212774354990e-01,3.364652495582214908e-01,2.728315501515779506e-01,1.190067067864023359e-01,4.306873786477668498e-01,4.305415628881542056e-01,3.127469288268355796e-01,4.018708566255878023e-01,3.909689269286946711e-01,3.462095876695883145e-01,3.956689205129187981e-01,4.080036342221570744e-01,3.559451835214119120e-01,2.207104907656128878e-01,3.709169241181504706e-01,2.593276811993387998e-01,3.391595366459781991e-01,3.357762937205842069e-01,3.115049274626712217e-01,3.130314565103171631e-01,1.157408418865102373e-01,2.162887125634860019e-01,2.960036603952307943e-01,3.384234457382389039e-01,2.130579250544255843e-01,1.734120143533852132e-01,8.877574790459348553e-02,2.764773691448876858e-01,1.327862692971807645e-01,4.206264274965169081e-01,4.327365682197050756e-01,1.432797940546266524e-01,3.083681167324291428e-01,3.139086565478989010e-01,3.768421229182103982e-01,3.795886666149493327e-01,1.501830739209503718e-01,3.187893314480283458e-01,3.852512368989917113e-01,3.790190237211238378e-01,3.969410198945002022e-01,4.314250237108913644e-01,4.202738560677097279e-01,4.270094129588611342e-01,2.663950145994214425e-01,2.449124316241457489e-01,3.357619486911198048e-01,3.562784807445412150e-01,4.258972007243959079e-01,1.276280412186044447e-02,1.462157593492634799e-01,2.689399375760379018e-01,2.782383950514824011e-01,6.618422015148868465e-02,5.792899159012313698e-02,2.044345370871807899e-01,3.083411880190815579e-01,3.186318501025552363e-01,3.640547259359872556e-01,8.352865717360763442e-02,2.650253214202696883e-01,2.350413196693366125e-01,6.022495282063395489e-02,1.203823622665366744e-01,1.086712185478249937e-01,2.695104567514808314e-01,3.487637475262565789e-02,3.230215826131868639e-02,2.233906080934152175e-02,8.532679592947091385e-02,4.140253292766410964e-01,4.019725960834431011e-01,1.506777360292178292e-01,4.016576948334040775e-01,4.213811600469765661e-01,6.400897381610855252e-02,1.111587164057139393e-01,1.863389772748194340e-01,4.210137395308513053e-01,4.025846495616511866e-01,3.749165009320349351e-01,3.998993330725120754e-01,6.817383074378002839e-02,3.955650185442633471e-01,3.023953042312862993e-01,3.711045552847682116e-01,2.952925047411273374e-01,3.304916796795899780e-01,2.240176668011450434e-01,3.894277341938856551e-01,3.101650647537889105e-01,3.418073905620634401e-01,1.875987126919200498e-01,2.344073727819625044e-02,4.205935237534567106e-01,4.329719078267834642e-01,1.849907723078419997e-01,4.170472115392797052e-01,4.157353088911850403e-01,3.565467982543690240e-01,3.306822401083645557e-01,2.207142998425988822e-01,4.324873817448088853e-01,4.301020998412845575e-01,3.873246684425647457e-01,3.866907243238906777e-01,7.056440843089960280e-02,9.697238746609491977e-02,4.925701012227746978e-02,9.677505486745159591e-02,6.069716296207668810e-02,3.963333624650219877e-02,5.299326666351159010e-02,4.779990739662536015e-02,1.411973036054743266e-02,7.718316397006907970e-02,1.881189594952752467e-02,2.017319689900594695e-02,1.426972343708890756e-01,1.516448258320417797e-01,1.925055260879685037e-01,1.028691265923941250e-01,2.408443269495220973e-02,2.215895107346236778e-02,5.616777076049225825e-02,2.335793931285031280e-02,6.108093460589481688e-02,4.091119548385976218e-02,6.298126643062492390e-03,4.821801259989803162e-02,7.314992567719140470e-02,4.984727188180750751e-02,2.422482841163268313e-02,2.313037280849478822e-02,1.643198482851628006e-01,8.354644868131784474e-02,1.039376835211413136e-01,1.813296347404739217e-01
2.729905876875626247e-01,2.267462913468310526e-01,2.620495201400441787e-01,4.099549119379720663e-01,4.127668242420098887e-01,4.092981610722682406e-01,2.405843412841053852e-01,3.362712974569813107e-01,1.059901562302159039e-01,3.801887919278070793e-01,3.617874382246251685e-01,3.976267397595610320e-01,9.597373644557902206e-02,3.350011163588947904e-01,3.390746265340905952e-01,2.808182418106998646e-01,2.007480094472909593e-01,2.063138319792734710e-01,2.574949892164273835e-01,9.149390356479411568e-02,2.412747929330626151e-01,3.549776332284382274e-01,5.941091579362169084e-02,1.814435242364324519e-01,3.660143361427827813e-01,8.449535000441044108e-02,3.282111972766425523e-01,3.159896920068309134e-01,1.182312409331669895e-01,2.569275204571378479e-01,4.128419091897064241e-01,4.126712861542490285e-01,4.125626864581251052e-01,4.114679662278797889e-01,2.892495152570161432e-01,3.772511019676447197e-01,3.306683019242211974e-01,1.654098587241281670e-01,3.523531221259342816e-01,2.498333341177420563e-01,1.034652226474037096e-01,5.268144575475549457e-02,2.554305364751048857e-01,3.230953021511580037e-01,0.000000000000000000e+00,1.362520842925223075e-01,2.826504484642698989e-01,3.885331548255097078e-01,1.515235025448763984e-01,2.136586412788958889e-01,4.270903901914684109e-02,5.351477169703667408e-02,4.643498197518670066e-03,3.045394037038579027e-02,4.374262489551619150e-03,5.227723885368424500e-03,3.371063288783202605e-01,4.077871713518734231e-01,3.956064367639657298e-01,3.722107444501034368e-01,3.440997876783670750e-01,3.417437107383879957e-01,4.096308009237755732e-01,3.517709072115596247e-01,4.003209896852139571e-01,8.271423684408370225e-02,6.393332484287571338e-02,4.076004349432399976e-01,4.135128013233187461e-01,4.138612949662267559e-01,4.131921334912581067e-01,3.897731328289811281e-01,4.024852890801068894e-01,3.711510804458931223e-01,4.085614377175142975e-01,4.120080722125492034e-01,4.124904428894384800e-01,3.987582060081762414e-01,4.117114521055720844e-01,8.418359195612447332e-02,2.049387619228450197e-01,2.766107312361253401e-01,7.405806686863451727e-02,1.483953768386752081e-01,4.108523268883428337e-01,4.107596494561445155e-01,4.125622776311952400e-01,4.104267176350413493e-01,3.928771616635990394e-01,3.764285709913489097e-01,3.861027642697749673e-01,2.730861848731845898e-01,4.368850310495493716e-02,3.983208402868850251e-01,3.778691355643751248e-01,4.050061841660073103e-01,3.527070662331934225e-01,1.477558260764385845e-01,4.034711658847445759e-01,4.117379394457956754e-01,3.174646390111258709e-01,4.114779217470845296e-01,3.903836631169122495e-01,3.472684202524154440e-01,4.088278166412901427e-01,4.109227825631769360e-01,3.863260903894906173e-01,2.827181540698789908e-01,3.835443982030233845e-01,2.905588714864346667e-01,3.794320003535823216e-01,3.869642288948336173e-01,2.681165745482328999e-01,2.757911399426811738e-01,1.087106001087999874e-01,2.165576948695059623e-01,2.944512440483120219e-01,3.241314322460624453e-01,1.929062006308328026e-01,1.469773949936869217e-01,8.462547563291757113e-02,2.811950000125332805e-01,1.062906824763949765e-01,3.697163873167109149e-01,4.040737062127608969e-01,6.820162110027293279e-02,2.217716953355246545e-01,1.686414522183672104e-01,2.845533711778597263e-01,3.502213691320814060e-01,1.660618531824327448e-01,4.059522995623582320e-01,4.121383882219751271e-01,4.103115684859911516e-01,3.972138119646738685e-01,4.011912426783326158e-01,3.209196136854767234e-01,4.079864268849401343e-01,4.006329675390559730e-01,2.380754484072766797e-01,2.884276847192781545e-01,2.585470189928092966e-01,4.023191182782647757e-01,9.665510871503463566e-03,1.034143165742789777e-01,1.176871296625425362e-01,1.036551288928288517e-01,1.403896093774731069e-01,3.286504074835573941e-01,1.271267777111659558e-01,3.814418429750003336e-01,3.442581736796169189e-01,4.142121781157168114e-01,1.100345191246219073e-01,2.419015517475966437e-01,3.005715376001029671e-01,5.973521639567816455e-02,1.419531266395351876e-01,1.149132643929490910e-01,2.892257522481032628e-01,3.632683334975352063e-02,3.411315278666808559e-02,2.649495144918707565e-02,8.801208394370133026e-02,4.126626630524469763e-01,3.768000217752055514e-01,1.747620255951564394e-01,3.761635463839537175e-01,4.131698404110494827e-01,7.340981946334071417e-02,1.105822867733547016e-01,1.864680237366226068e-01,4.091320639196826536e-01,4.062659100722927352e-01,4.145326298319027547e-01,4.140087756045593426e-01,6.682805424270424344e-02,4.136210507776727496e-01,3.345509932147138210e-01,4.065754603432035208e-01,3.943346613780537302e-01,4.130527684199109539e-01,2.758047094165423374e-01,4.050290618972303691e-01,3.929312422966257934e-01,4.096166329460687039e-01,2.561997555963094753e-01,3.666652214946309468e-02,4.083404506181698701e-01,4.070942694875686607e-01,1.872949682654326542e-01,4.118374354462778775e-01,4.105138465258887370e-01,4.112018850262608716e-01,4.013495327097687526e-01,2.583536730222335542e-01,4.124477307509649693e-01,4.126040098789802713e-01,4.102040730722784079e-01,4.087950756295731236e-01,8.094786734878345325e-02,1.172161345414469841e-01,4.783942775920470292e-02,1.021447139153016798e-01,8.167714256640511150e-02,4.961586018676261700e-02,4.632845206210167710e-02,7.226680074710196966e-02,1.679474576133756919e-02,8.332988452046123651e-02,1.542834350456569539e-02,1.515994996540348874e-02,1.278331107374108266e-01,1.250907654958141602e-01,1.792813098019144513e-01,1.000591743816230256e-01,3.476849785056132514e-02,3.817183599242808534e-02,5.713603760260942827e-02,2.300637185224059522e-02,8.682493447116065854e-02,3.952786467140347038e-02,3.378880952896608746e-03,4.513176751456105668e-02,7.896742554776889356e-02,5.122398458473337995e-02,2.166402710564734047e-02,2.092227839554508528e-02,1.338657447967050440e-01,4.726253313163158998e-02,1.011553516174309442e-01,1.575757784420367957e-01
2.735793674094260663e-01,2.299214090007587197e-01,2.872487289394234367e-01,3.102349699976892361e-01,3.124921867899538852e-01,3.124022132640094096e-01,2.503517202102309436e-01,3.105422715468136863e-01,1.151347218710321585e-01,3.084990034088541111e-01,3.106481458500960913e-01,3.108823951151536980e-01,1.368725736780088964e-01,2.746502580487856227e-01,2.552409823365904273e-01,1.935409953985059439e-01,1.455685942871445260e-01,9.644991683660314452e-02,2.618618465359301983e-01,1.047115299917516507e-01,2.695920606538705910e-01,2.710009993092152847e-01,9.092854429201124855e-02,1.807947192851133145e-01,2.794640584091266367e-01,1.260003656939591432e-01,2.962656916465699064e-01,2.373329384624969784e-01,1.183885353759121656e-01,2.588421227808183067e-01,3.074467254043931619e-01,3.125814179811544080e-01,3.118513611554330489e-01,3.072605136849922980e-01,2.490937124878987163e-01,2.777152184092692710e-01,2.185280055588558479e-01,1.567060565831349117e-01,2.268348874774289425e-01,1.983872627646989795e-01,1.768526463735597132e-01,1.261868498439949471e-01,2.701137236455135593e-01,3.015705688678582685e-01,1.362520842925222797e-01,0.000000000000000000e+00,2.553558983640927260e-01,3.130626764683646091e-01,2.352088973756805146e-01,3.042537935862504872e-01,5.140786170788003845e-02,5.450120124948945599e-02,4.634258538925128089e-03,3.420745423904041072e-02,8.241996758067474810e-03,1.029167140506312243e-02,3.029760621201631476e-01,3.101057822520970064e-01,3.071756982041025097e-01,3.052579802776749229e-01,2.675186974538612539e-01,3.078189444134848962e-01,3.132918130401260437e-01,3.111555857250612456e-01,2.968055990691442214e-01,1.023585192609428735e-01,6.485619838731068731e-02,3.040835137524105503e-01,3.104545136274414197e-01,3.042738549244530799e-01,3.061650164007805874e-01,3.128009323051157420e-01,3.080931122959993385e-01,3.129373093932563132e-01,2.985497387039321437e-01,3.120789755148635769e-01,3.087724757488638505e-01,3.069465862536370215e-01,3.027800715606174808e-01,8.432756765146239009e-02,2.059980232160754654e-01,2.972354280884610955e-01,7.666299245210636548e-02,1.491662568458559657e-01,3.098218085026194779e-01,3.131336832423567418e-01,3.115916254807852281e-01,3.113470236139876390e-01,3.118682608886895746e-01,3.119303671661398658e-01,2.837556718050825433e-01,2.905805927413205869e-01,3.994741387315661751e-02,3.100130788691463080e-01,3.013492249383331045e-01,3.117531854114362067e-01,3.117047978931711261e-01,1.540665394461906423e-01,3.014249114399812357e-01,3.088294830701715510e-01,3.117768742371243573e-01,3.064265294270100970e-01,3.112223026715272289e-01,3.120004045186735020e-01,3.106444014933085196e-01,3.122424873575261883e-01,3.116200135493077950e-01,2.997374240910660181e-01,3.081103304514315466e-01,3.097501246551881415e-01,3.115879559364911899e-01,3.095454272182933120e-01,2.628542884392205958e-01,2.648438975968187004e-01,1.128048305207556279e-01,2.177860715051873619e-01,2.709522072275845073e-01,2.963477298462279252e-01,1.959163867160405026e-01,9.846370118971427277e-02,9.082716102412122239e-02,2.737965867412034959e-01,1.181823651765118444e-01,2.713920048237283833e-01,2.990364776013018089e-01,1.181012188151830122e-01,2.175398278496227800e-01,2.201273862302349782e-01,2.405390566828457255e-01,2.986661454931508475e-01,1.694172652283296998e-01,3.075253974547239033e-01,3.116786697276089924e-01,3.125656055603864836e-01,2.894530527218913130e-01,3.113967047059304494e-01,2.278519658054609098e-01,2.973225772442543713e-01,3.020889507388582196e-01,2.369207080712674440e-01,2.162483027052215234e-01,1.728824491250322004e-01,2.916242901593373293e-01,1.410675871086110658e-02,1.260285956373070060e-01,2.202627413141229618e-01,1.869472326102994131e-01,1.455453423213336483e-01,2.939067715361926569e-01,9.258263045873228736e-02,3.088008531471000961e-01,3.103343419257629798e-01,3.039674767148394241e-01,1.199471497806710446e-01,2.810722972806750097e-01,3.123234245401785292e-01,6.159055657702239978e-02,1.434443147406564145e-01,1.135227331637938680e-01,2.864426198267573942e-01,3.585317760160629252e-02,3.328744780429039596e-02,2.759282484001679414e-02,8.643536055158544673e-02,3.036863104224532539e-01,2.996081372596495762e-01,1.667418874781246840e-01,2.919952382528577806e-01,3.064179406804164452e-01,9.957792475562353418e-02,1.101721716731704215e-01,1.834928624296292277e-01,2.873852256106697589e-01,3.061442179739525815e-01,3.044944471901284699e-01,3.120782907905506054e-01,6.211727597438703591e-02,3.012026771469166198e-01,3.118059894320064918e-01,3.098994315287401102e-01,3.123368359387643789e-01,3.094314069751271656e-01,2.950603693439915465e-01,3.010935493256582385e-01,3.089172573914998332e-01,3.086711145785897004e-01,2.584387908245008858e-01,4.590027726115383094e-02,3.071393438279640398e-01,2.984772992184615004e-01,1.891682132234052405e-01,3.009114606309645223e-01,3.116681242888653114e-01,3.100545284350375574e-01,3.129681175574191565e-01,2.612444543588658408e-01,3.108267870173402336e-01,3.083779569981221491e-01,3.095355539075586582e-01,3.080147421659690798e-01,8.534105626128077327e-02,1.234177290064122912e-01,5.260224168078236201e-02,1.029191921504541973e-01,9.204937675326452240e-02,5.680247212479861557e-02,6.327851857184124684e-02,8.002700976171495117e-02,2.363144684442546051e-02,9.752396170368547723e-02,1.757904532586998525e-02,1.943520855102098474e-02,1.525974565058331178e-01,1.657982528235931174e-01,2.054986157316081030e-01,1.071166642533980667e-01,4.233936024050520552e-02,4.325016373709288792e-02,5.929741914363521882e-02,2.428156704256866430e-02,9.602848627817420213e-02,4.500482577540453749e-02,7.340109605321511708e-03,6.368430916337150527e-02,8.667472221912177199e-02,6.077964210072792084e-02,2.361015200580059495e-02,2.374559847075211061e-02,1.718438656395654407e-01,6.715318773500426885e-02,1.206678028960311289e-01,1.718689775567814604e-01
2.732181645863112074e-01,2.241467412875350063e-01,2.663946674728242536e-01,5.049998983717023382e-01,5.092368588769942139e-01,4.413935562278698543e-01,2.492785250149615883e-01,3.551065232696816176e-01,1.166588001191877361e-01,4.083327471937130415e-01,3.988956012870547574e-01,4.786050660622687136e-01,1.891669388096192117e-01,3.460595801991534493e-01,4.046396673862995841e-01,3.377194961234809001e-01,2.861652031188788858e-01,2.603305526937227943e-01,2.956137424656650192e-01,1.479616212757664251e-01,2.361513194764844892e-01,4.350920839122407457e-01,9.850388977271563873e-02,3.463665979742326928e-01,3.315346926305520747e-01,1.379726585003281658e-01,3.569559862900809621e-01,3.530551344124597257e-01,1.211615497606521319e-01,2.608717531234427955e-01,4.894201459854164993e-01,5.089371000411400114e-01,5.087313282320791163e-01,4.731365937828970192e-01,2.526940083649411029e-01,3.633222479889375300e-01,3.371828306126061769e-01,2.037795625690451973e-01,3.224313364295817164e-01,3.392224754921556173e-01,1.050214636165562876e-01,1.424361919425514711e-01,2.341434874073492212e-01,3.616863892858302454e-01,2.826504484642698989e-01,2.553558983640926705e-01,0.000000000000000000e+00,4.096727126927128260e-01,1.446990391461652758e-01,2.723304868705916926e-01,4.195600406379419722e-02,5.410165432997793289e-02,4.889723855376369895e-03,3.130660936638513664e-02,6.159781968380716351e-03,4.936504878816822678e-03,2.564698388666102891e-01,4.956516166992502859e-01,4.092603589355822136e-01,4.242460537044656643e-01,3.054180004911961066e-01,4.088281229567213293e-01,4.841891759803567674e-01,3.408170613398094351e-01,4.757721490664647002e-01,8.359447195669811315e-02,5.940117514311744895e-02,4.561582756615529810e-01,4.907437213978204094e-01,4.462547049432047386e-01,4.931530361498790982e-01,5.073663370248708837e-01,4.971792231229976156e-01,4.089465751410005234e-01,5.005639884941135431e-01,4.732240054773435567e-01,4.917116633589573849e-01,4.225262001346515861e-01,5.015821152906684288e-01,8.601810484561871195e-02,2.058085524116920750e-01,2.966662161804042852e-01,7.359055189087775062e-02,1.489017878696716757e-01,4.638337263761491691e-01,4.980251783991733738e-01,5.068516248627802367e-01,5.083058182405142400e-01,3.933582569574671783e-01,4.255458694396992425e-01,4.699908317710543293e-01,2.720971081985282258e-01,3.641522006410725237e-02,4.354163286457021220e-01,4.296363738770530571e-01,4.647377749401451763e-01,3.702890291336045081e-01,1.576961490434877766e-01,4.350744499072667359e-01,4.970578699856588178e-01,3.174046298366947627e-01,4.056206964221449884e-01,3.881858340091702830e-01,3.448014794383282289e-01,4.496396918820541599e-01,5.101720393372908280e-01,4.031188749027631579e-01,2.984152144517931426e-01,4.993163962798680133e-01,3.090467227713210585e-01,4.351428217693871225e-01,4.215645253105771983e-01,2.623388772602560648e-01,3.232557131791800042e-01,1.479029790078381645e-01,2.227709582895511520e-01,2.401809598989786687e-01,3.417233250620060891e-01,2.249838939495932000e-01,1.721724483823980911e-01,1.080515998849576331e-01,2.960050960787283802e-01,1.410671679614348417e-01,4.249974088668972416e-01,4.240493775065883875e-01,1.282979260889295647e-01,2.543301981360040487e-01,2.664120311766139948e-01,3.204822477904227807e-01,3.837748244398863084e-01,1.605141276969396791e-01,4.855289770991866316e-01,5.095978685657713836e-01,4.634606367961261464e-01,4.148317547135522143e-01,5.077833552425929931e-01,4.100187846903484146e-01,4.675210705574509573e-01,4.936733693238402054e-01,2.161687254498905475e-01,3.018737700085047382e-01,3.416938314799159437e-01,4.832912889317895755e-01,1.079419644485552290e-02,1.141270644748977325e-01,2.157559736019815655e-01,3.320365458385211022e-01,1.423301541121204938e-01,3.476510432899914127e-01,1.918817888066367550e-01,3.697350942192694223e-01,4.048876622384703916e-01,4.778328638949241314e-01,1.064114738581253133e-01,2.408177356993683738e-01,3.318182174133990636e-01,6.021315383839715568e-02,1.393313047713838626e-01,1.148576504168704604e-01,2.876164048998184342e-01,3.531537587077017426e-02,3.225084458633399598e-02,2.632753815195882502e-02,8.845513939672118575e-02,5.049348877992347884e-01,3.835225638737457254e-01,1.514846756803179817e-01,4.413407343437171781e-01,5.016115226502259050e-01,8.575122369171671310e-02,1.097344141926119565e-01,1.881865900303732742e-01,5.101088781647221682e-01,4.426375706967367596e-01,5.025717928461440609e-01,5.087162561585466536e-01,6.619870931114843482e-02,5.056072015218981974e-01,2.854751050330353035e-01,4.297444592219422099e-01,5.103453010326225447e-01,5.046845704857511050e-01,2.903178057867498718e-01,5.102463394835138333e-01,3.930438232025943446e-01,5.080410244312778545e-01,2.612289513629016957e-01,3.915756684989202957e-02,5.077751219575609154e-01,4.342711156461369626e-01,1.878782983674789631e-01,4.253205395701034619e-01,4.735184119080804166e-01,5.094106344048007218e-01,4.379749824310089079e-01,2.590704851744136672e-01,5.083106196377148445e-01,5.038488404031030710e-01,5.099000526676972234e-01,4.926923001031076610e-01,8.651531503981135796e-02,1.235039652660827048e-01,5.033491705544677203e-02,1.039462219253902003e-01,9.208399585847103219e-02,5.325450596898418515e-02,4.676525619066317779e-02,7.307926516350830848e-02,2.103341662253734728e-02,9.001505782752670937e-02,1.716993778848005178e-02,2.264708957359894484e-02,1.484391536231733644e-01,1.574020612544817788e-01,1.929655527581027596e-01,1.022894313893680796e-01,3.857933608498575334e-02,4.211660717511857277e-02,6.028597422724780303e-02,2.199313149662378633e-02,1.066876560652124939e-01,4.872420089282008399e-02,3.954115095092753350e-03,5.557666031639429960e-02,8.346046952825431076e-02,5.603235986082539394e-02,2.368806844794693264e-02,2.203452397648024766e-02,1.679837058176335829e-01,7.495243845318302900e-02,1.178140309853531881e-01,1.675342133839189673e-01
2.691383659614922097e-01,2.198999684545603905e-01,2.362231515540949012e-01,4.281216884143853041e-01,4.310107502896819431e-01,4.266854654093623633e-01,2.476550366488843025e-01,3.518059843983085133e-01,1.116588206820896267e-01,4.066321917317700652e-01,3.847704456792093164e-01,4.264648515092308578e-01,2.049131787645997183e-01,3.551406700766396862e-01,4.063934243584481631e-01,3.385153777070898373e-01,3.042876650821894069e-01,2.690437378031337312e-01,2.903869941405799460e-01,1.527929064758395961e-01,3.016921369842935352e-01,4.289222764201846561e-01,1.385485756838381599e-01,4.289719002912619761e-01,4.225022895484139562e-01,2.217676566053463638e-01,3.553165047065440785e-01,3.892465075240549299e-01,1.124584873829886089e-01,2.583554683591983703e-01,4.176750727924142814e-01,4.334937133364179518e-01,4.229114031712676858e-01,4.247064855303369080e-01,3.334601450302059344e-01,3.926386356421349144e-01,4.000153845736911795e-01,2.269271900376559903e-01,3.828630805492110878e-01,4.337223943764617617e-01,2.057036182463541085e-01,1.844966215020217848e-01,3.660895149305345986e-01,3.480009822464898983e-01,3.885331548255097078e-01,3.130626764683646646e-01,4.096727126927129925e-01,0.000000000000000000e+00,2.300044987182470191e-01,2.405027243840202056e-01,4.398744881093547693e-02,4.909555475449152440e-02,5.385743830386294576e-03,1.999639106751339296e-02,5.815594536644422795e-03,9.408812550731834173e-03,3.422950900238191929e-01,4.081518990830191318e-01,4.308865237098164491e-01,4.267504235095019860e-01,3.531047671121624876e-01,3.651530527664879067e-01,3.822196725223681035e-01,3.375496683356438710e-01,4.008954638879599908e-01,1.019898488476154441e-01,4.229742634529722045e-02,2.959928398992314191e-01,2.957068798061794346e-01,3.706477375650014672e-01,2.596782345060615338e-01,4.051691300766945281e-01,3.824427276624899341e-01,3.816431180898105513e-01,3.580493181732175012e-01,3.067077274589918301e-01,3.694111720871210425e-01,3.663207430437278034e-01,3.449387930380773404e-01,7.283792534250450867e-02,1.733759740745283717e-01,1.690372782113313821e-01,5.963668111656052900e-02,1.054855421587001935e-01,3.981281883359271134e-01,3.946420398035133670e-01,3.087243126731864518e-01,2.521278262989808949e-01,3.152506069128553912e-01,3.004221203414043084e-01,3.170373007424884815e-01,1.730223653181037213e-01,3.278361023509469147e-02,3.583966435953071517e-01,3.775229027146384531e-01,4.079687473079536275e-01,3.480240071930962853e-01,1.474229700424607159e-01,4.054767271365564696e-01,3.711218248547732967e-01,3.129774055829858681e-01,4.052846272189535304e-01,3.837559392770149569e-01,3.411168469011091053e-01,4.216608336494026554e-01,4.298121792855365553e-01,4.003569486523181897e-01,2.924349149310556117e-01,4.263821131431961287e-01,3.089283576590008962e-01,4.239704458580769719e-01,4.187934101056624003e-01,3.203653187308493355e-01,3.216644860994899990e-01,1.514310277377346747e-01,2.133456309463031553e-01,3.174935348016116321e-01,3.410944977083317786e-01,2.281500045510079233e-01,1.718404027210940488e-01,1.177668856659771363e-01,2.838944465144688789e-01,1.384488073903309691e-01,4.211699087984125955e-01,4.210146015746022430e-01,1.622154341144370904e-01,3.570728806703858393e-01,3.178017871181171849e-01,3.841177238574126074e-01,3.732788820833633503e-01,1.582460717886426671e-01,4.150189910596302489e-01,4.317381654659289136e-01,4.330291317958047670e-01,4.329392116829357540e-01,4.343569273197397385e-01,4.326784946003988108e-01,4.323375528882704710e-01,4.117262884117668942e-01,2.780767800263617695e-01,3.454677112895532809e-01,4.320590653333369890e-01,4.075418637556591506e-01,1.631889659149204572e-02,1.575589572645201275e-01,3.227949777521854080e-01,4.007458897823386601e-01,1.413937042052351989e-01,3.856569975938984318e-01,2.250832436562889283e-01,3.905017773187921537e-01,4.244308322681193402e-01,2.941838035524950712e-01,8.795492483578394582e-02,3.266608131387337965e-01,3.310341888463976256e-01,6.013976880780912138e-02,1.228012690844762084e-01,1.082161236749920180e-01,2.561774417207676180e-01,3.699412950052291538e-02,2.953830000829590560e-02,2.269623089039158464e-02,8.816366929219314474e-02,4.245852291136459344e-01,4.320557094281958777e-01,1.872171064143128005e-01,4.332197544106860532e-01,4.164622642767074057e-01,9.859600145768129820e-02,1.022052333627948839e-01,1.834559602643453524e-01,3.872594032303938727e-01,4.088826646078797533e-01,3.198412532663784669e-01,3.898533590013895100e-01,6.164715171262386689e-02,3.786677277492452309e-01,2.348082244172464417e-01,3.766359697012621743e-01,4.243173899152351547e-01,4.007621751392878573e-01,2.812586400339215364e-01,3.628651595841758670e-01,3.491556914503886055e-01,4.081552370683591557e-01,2.192104179349379511e-01,3.481510042823141027e-02,3.717063676110580195e-01,3.756706198629982674e-01,1.650096855422240327e-01,3.568436218482172184e-01,3.806610496226888185e-01,4.153012585068029394e-01,4.239184228605828442e-01,2.590830100954926163e-01,4.020917024932614825e-01,3.987767697034441117e-01,4.178885935728092194e-01,4.138951530845034199e-01,8.190611124620116035e-02,1.214558643411344507e-01,5.237662073794910333e-02,1.026194733732533337e-01,8.925942780655472808e-02,5.685653663104660305e-02,6.087744283778651760e-02,7.148930743405933208e-02,2.453758590626305830e-02,9.223184004565451732e-02,1.910451595364152239e-02,2.494083726790658276e-02,1.615711918192241359e-01,1.835200535081814854e-01,1.956348012319905627e-01,1.050760624651816272e-01,2.649669791553378728e-02,3.759450269746632267e-02,5.984865925149962518e-02,2.048973455061497972e-02,8.904896622458419175e-02,5.178168008702204589e-02,3.912907252960323885e-03,4.583847441432148395e-02,7.414301147487160903e-02,5.332633172115217035e-02,1.776430099864098611e-02,2.102729153204669146e-02,1.778243548901153048e-01,8.713858012310658763e-02,1.023685773212223843e-01,1.645985070122329696e-01
2.647533783531682561e-01,2.247440410356827956e-01,2.362733180479310857e-01,2.647480204490024747e-01,2.625334663532936652e-01,2.651426574548292892e-01,2.487009714628032053e-01,2.610141280728938695e-01,1.102720976260672947e-01,2.543140229806102881e-01,2.468256471154138820e-01,2.587897600449030056e-01,2.008269418016420393e-01,2.623540571593071524e-01,2.575603605265390783e-01,2.601637050309267285e-01,2.584159505841053250e-01,2.589242264886522094e-01,2.607498630356132052e-01,1.429987255248985345e-01,2.355202484094154614e-01,2.554013544320629103e-01,1.160779962690209194e-01,1.992584711924311192e-01,2.461705381062353482e-01,1.772020307981999332e-01,2.609770437253937092e-01,2.472634846931593966e-01,1.202828893621364914e-01,2.608723793454584827e-01,2.644569136581508828e-01,2.616329404473220488e-01,2.644271876688278344e-01,2.638577201832383312e-01,2.468594228804264490e-01,2.636422928773389796e-01,2.530285460763307959e-01,2.246323079792434396e-01,2.497891102207900893e-01,2.121162540241960104e-01,1.325431364737245377e-01,1.277439517663855051e-01,1.376129902240824099e-01,1.850458504164640972e-01,1.515235025448763984e-01,2.352088973756805701e-01,1.446990391461652758e-01,2.300044987182470191e-01,0.000000000000000000e+00,1.389354346491853687e-01,4.543598090873407491e-02,5.138159740358694966e-02,6.094996429128664121e-03,3.073285854856609017e-02,8.489530344965646666e-03,5.821053231132777492e-03,2.468452076144487528e-01,2.557583782936916350e-01,2.532434947155194904e-01,2.226341310255428863e-01,2.491116656542598784e-01,1.535073350145622073e-01,2.551881420222510410e-01,2.484566691867245436e-01,2.621633475390044987e-01,8.621124856661435687e-02,5.794550100637230888e-02,2.409308870826444293e-01,2.628867740252170404e-01,2.546879421667448962e-01,2.497586320310245800e-01,2.501801369041936063e-01,2.582596407135290817e-01,2.461197393460072824e-01,2.636107607048394086e-01,2.626589747085523174e-01,2.578880175393672980e-01,2.535015660335502297e-01,2.632903364934107149e-01,8.588665011533913596e-02,2.061421128173874795e-01,2.476964633451977649e-01,7.582339799504569933e-02,1.487198335713212638e-01,2.621634267843920285e-01,2.630272597174979632e-01,2.655209181365605908e-01,2.646586644818481604e-01,2.643514848533363715e-01,1.376043133328216372e-01,2.555710000561833839e-01,2.288404953922517637e-01,4.199118972446707482e-02,2.484540855416891847e-01,2.267184357377208803e-01,2.598054236333841027e-01,2.611959220218036948e-01,1.559272031463529717e-01,2.616472100239582987e-01,2.645399588375320077e-01,2.647720770025612791e-01,2.654677725620505635e-01,2.637963702728580162e-01,2.639056572353806196e-01,2.643345799394708484e-01,2.652345675497282951e-01,2.538134816271326311e-01,2.541794321624882280e-01,2.532711480936105097e-01,2.495568221659145713e-01,2.491491501581208357e-01,2.552773213046555800e-01,2.567425593277453677e-01,2.584608577255488870e-01,1.515680179888538870e-01,2.218800093187956735e-01,2.599268011160649761e-01,2.647235044163500084e-01,2.302888119282481272e-01,1.730520912078348239e-01,1.267756607060362417e-01,2.657065070016259023e-01,1.397380169920981741e-01,2.549617783008437666e-01,2.662445382312973452e-01,1.481315118768667116e-01,2.211304317259321639e-01,2.188891814421015936e-01,2.357015819211161489e-01,2.620878682163045315e-01,1.697227290238079722e-01,2.614486601830928181e-01,2.654485191035781955e-01,2.630032765673401829e-01,2.451427127682202223e-01,2.546867243609901021e-01,2.379848837059282685e-01,2.655115959207483001e-01,2.544041190680045306e-01,2.572672734593065003e-01,2.521335634566722605e-01,2.065041702044053962e-01,2.580279696930167233e-01,1.562908411437657907e-02,1.491782538172783390e-01,1.507334065411113921e-01,1.406183835626811096e-01,1.434704121755935036e-01,1.983142122510407612e-01,1.954932444994614826e-01,1.968837825789468976e-01,1.601985895452203990e-01,2.553909076478756979e-01,7.368698245036223171e-02,1.107343803675362309e-01,1.505053757163563599e-01,6.121353385238630790e-02,1.417527577343465628e-01,1.123673478218232963e-01,2.642834911192462610e-01,3.896470565945187037e-02,3.401860223593473898e-02,2.846961529043371200e-02,8.939283215009190264e-02,2.622736553658478464e-01,2.214625695165124697e-01,1.783402582392779046e-01,2.144114079343897306e-01,2.473291372543302002e-01,8.668367592798784105e-02,1.066596968468397633e-01,1.861535369250101879e-01,2.648582951254711548e-01,2.173547464192661927e-01,2.547212503955207374e-01,2.629329685948207374e-01,6.810313238300279293e-02,2.488830742544927699e-01,2.118542894421134304e-01,2.440821024763765446e-01,2.566851341193617242e-01,2.646585812700804063e-01,2.539996050279581530e-01,2.610530373734686882e-01,2.592036061425669335e-01,2.643773292764954874e-01,2.514826611163987202e-01,3.726029307251499390e-02,2.597099452225573590e-01,2.588939287295920488e-01,1.745135668677935126e-01,2.609118020100046897e-01,2.519879141593117655e-01,2.646566372267670775e-01,2.634399833297160765e-01,2.617150948370066676e-01,2.562310298683141419e-01,2.617237914410961430e-01,2.641820514679104615e-01,2.637148210840346008e-01,8.605147864907078392e-02,1.243999900604846193e-01,5.337826899609745407e-02,1.038150938030207998e-01,8.894973126101596295e-02,5.717060013100301596e-02,5.226722463164278770e-02,7.867275699461159788e-02,1.137776309776007168e-02,8.499590115513949717e-02,1.841430424075300720e-02,2.185217250541705500e-02,1.422939754863692674e-01,1.582279390665166374e-01,1.675896098475687657e-01,9.180137856193792967e-02,3.991828693180418663e-02,4.214667128996629764e-02,6.183422654630748444e-02,2.423861090155058837e-02,1.027453704399887841e-01,4.511061580615294275e-02,3.632009642567509463e-03,6.032208699625684484e-02,8.308634713258637727e-02,5.527755855929181172e-02,2.468370203570165178e-02,2.047815425704131720e-02,1.503632751203567708e-01,7.658513471817850193e-02,1.100503023056507435e-01,1.491612458972037258e-01
2.765289900062185557e-01,2.237914713196968997e-01,2.598532782396503205e-01,3.337994748964782654e-01,3.364982711630357670e-01,3.315188669084602746e-01,2.436846760376280840e-01,3.235154461159609474e-01,1.022401834288088202e-01,3.195610516605804086e-01,3.009239533352261464e-01,3.157549426673096349e-01,1.829884985048555734e-01,3.336803780603781466e-01,3.229490966877087699e-01,3.281158021775332223e-01,2.955337763491451830e-01,2.693541385033034752e-01,2.807458670177611082e-01,1.443801339205103562e-01,2.916663728539765077e-01,3.280525931598937683e-01,1.156370886677962062e-01,2.897501490492739862e-01,3.289046209380752095e-01,1.939316566558499932e-01,3.220450816943417616e-01,3.196128350990552480e-01,1.191295219928688726e-01,2.586113602288083735e-01,3.352518711266087581e-01,3.349052865429671955e-01,3.354865253831942895e-01,3.346898578347787812e-01,3.285584884279864615e-01,3.352325678556942745e-01,3.245967937325449637e-01,2.221939184319657867e-01,3.352301469657981148e-01,3.037280788289098421e-01,1.506930779092463535e-01,1.411326200766647720e-01,2.554126906084658866e-01,1.968987012454225805e-01,2.136586412788958889e-01,3.042537935862504872e-01,2.723304868705916371e-01,2.405027243840202056e-01,1.389354346491853687e-01,0.000000000000000000e+00,2.272494600882598095e-02,5.392366861999935840e-02,5.459894208489251763e-03,3.135582027066709243e-02,5.120324246893749251e-03,7.485587349347372355e-03,3.200340198438291206e-01,3.270377047646825797e-01,3.305126828826000507e-01,3.072871539646632177e-01,3.274734713195254221e-01,2.278770398398299035e-01,3.355782625867593794e-01,3.311011334212726753e-01,3.328723321565797977e-01,6.222168873077336959e-02,5.599105326181804537e-02,2.958093029735174850e-01,3.280016005620700059e-01,3.258510240937699809e-01,2.975145411164210052e-01,2.819627583566372553e-01,3.222538870483986351e-01,2.688758280679128254e-01,3.353302017399015234e-01,3.285218683146897134e-01,3.334026933198732667e-01,2.581175549498828659e-01,3.321419376246574351e-01,7.242938050488362256e-02,2.001782501728354979e-01,1.678293113374195178e-01,7.669061548814240514e-02,1.449464734814443767e-01,3.320988893813038301e-01,3.311855733585625239e-01,3.361566097603951309e-01,3.179280519712986419e-01,3.356306403706214581e-01,1.812914801608378479e-01,3.256563116728157792e-01,2.489570926689909924e-01,3.165969600940982814e-02,3.305545662170570331e-01,3.175795841193163604e-01,3.243725773273138380e-01,3.088009548360273748e-01,1.500862918053438577e-01,3.340047919686980338e-01,3.324219877800593248e-01,3.183244751728709354e-01,3.361657493573122490e-01,3.336746305532142798e-01,3.338096750040657756e-01,3.346741318982390800e-01,3.322271267640512504e-01,3.196110697980694137e-01,2.792200641301392783e-01,3.162891627502609770e-01,2.994639304922232514e-01,3.092794549407936744e-01,3.104267431256178544e-01,3.086976144263776645e-01,3.149961877565428114e-01,1.385791052529164180e-01,2.214632171361020363e-01,3.053075705756362890e-01,3.311513260360069433e-01,2.241402355988518502e-01,1.749301984385002173e-01,1.159773122176460669e-01,2.909764295086504360e-01,1.307434356444839851e-01,3.281842520144937492e-01,3.351198633834395757e-01,1.389126604693627642e-01,2.945074773670408597e-01,2.940397805038524881e-01,3.204666686260469466e-01,3.249692621767024114e-01,1.673379684480682528e-01,3.344206190886004904e-01,3.351386382487901439e-01,3.339450946626783545e-01,3.228069552777193540e-01,3.236361979454378535e-01,3.150440518865181838e-01,3.350547494672571069e-01,3.267010637474712098e-01,2.707009627262427220e-01,3.320014260728921252e-01,2.949271510634350335e-01,3.366596339903125679e-01,1.096869246384648590e-02,1.449887633106811402e-01,2.179213845788897097e-01,2.092927517995051834e-01,1.414504595122217656e-01,2.432638402910529962e-01,2.121846239435070114e-01,2.881628250764100563e-01,2.144702318417994746e-01,3.139846683082653800e-01,6.289238963669652183e-02,2.388544770029851216e-01,1.130388840911586285e-01,5.986627437845396665e-02,1.341944724471138273e-01,1.150479005520779058e-01,2.884137069929446628e-01,3.957723528180547706e-02,3.425803913093874303e-02,2.746139641234230516e-02,8.858616947203401537e-02,3.335383195252896726e-01,2.979712300032792416e-01,1.829771839324789706e-01,3.246460534733925374e-01,3.290691577132522361e-01,6.430096856104240699e-02,1.117257745078835685e-01,1.855434271332437879e-01,3.281572961647080677e-01,2.878692283606420488e-01,3.291098078476062949e-01,3.357007362562247077e-01,6.810566529665332269e-02,3.123496553426250988e-01,2.768927657723772584e-01,3.021989583535932278e-01,3.097364301623565797e-01,3.297866130157045550e-01,2.536638106931972669e-01,3.356350820828287729e-01,3.235762638356630694e-01,3.129370267354623092e-01,1.986765884261335047e-01,1.202925174547265878e-02,3.352810580503702842e-01,3.349728382744817101e-01,1.804901653260905514e-01,3.345213874310995483e-01,3.347758877918691756e-01,3.346497801143581974e-01,3.243159544095994828e-01,2.602132234479220263e-01,3.230077041257957138e-01,3.289113747411629429e-01,3.341705388396545295e-01,3.355669377988784730e-01,8.206384431516342004e-02,1.156950677064598476e-01,5.207101802385390166e-02,1.036826341941701618e-01,7.776020089958705916e-02,5.684969830653920780e-02,5.881410945284631930e-02,7.692578091235678650e-02,1.322435228572907059e-02,7.896405865788140577e-02,1.924220824181152936e-02,2.257922414219450807e-02,1.455382901424104591e-01,1.668411558170631304e-01,1.895807260322960597e-01,1.023629826282701216e-01,3.515741865081530027e-02,3.194088856181313829e-02,5.617519127381596922e-02,2.166343297716679869e-02,8.273659440897578043e-02,5.205031695657515861e-02,3.349600790709164697e-03,5.208698921250366765e-02,6.975793610465882977e-02,4.934049766002998605e-02,2.495359001202720334e-02,2.231694847771395832e-02,1.556784667964508651e-01,8.227483720506635623e-02,1.052530674147168221e-01,1.747942001619211261e-01
4.850863475912967071e-02,5.068810174617930514e-02,5.121131550918532616e-02,4.550952388270403104e-02,4.560569484357399062e-02,4.618578518184787707e-02,4.425757667854373495e-02,4.817319600310124295e-02,5.221021759169765242e-02,4.711568161062170551e-02,4.447229954553905129e-02,4.685697458776169610e-02,4.072432922412285577e-02,5.114176749734436478e-02,4.809907023262278286e-02,5.160776337409539449e-02,4.911515096289056914e-02,5.112026909070108843e-02,4.420360014808437377e-02,4.822186047843995960e-02,4.824847670119199877e-02,5.152465101941126197e-02,4.720158559546710347e-02,4.686655909715406465e-02,4.973379142586988738e-02,4.609948417192118869e-02,5.053031825592436271e-02,5.042372883796429617e-02,5.130179713193862984e-02,4.487095576496485244e-02,5.080353267739507600e-02,5.052825470600746244e-02,4.040477713707164159e-02,4.540429045702210759e-02,5.094659504406263278e-02,5.093700337740703077e-02,4.828232508267799039e-02,5.189248686580947428e-02,5.111039308466928943e-02,4.087295293346734221e-02,3.805550256543691057e-02,4.575923683709903766e-02,3.882697020597877802e-02,2.636927649035988863e-02,4.270903901914684109e-02,5.140786170788003845e-02,4.195600406379419722e-02,4.398744881093547693e-02,4.543598090873407491e-02,2.272494600882598095e-02,0.000000000000000000e+00,2.795054883166118997e-02,3.302640504916543821e-03,3.247039182922033251e-02,3.668519741868957185e-03,8.566635652885453561e-03,3.913724909849244926e-02,3.878725037844936441e-02,4.473634130787666058e-02,3.540775278772179818e-02,5.013108643044638518e-02,2.823586567142415127e-02,5.202989534597373539e-02,4.754461519768359012e-02,4.691042020087265313e-02,3.832948255984873487e-02,4.005187344609974914e-02,3.796816335383588342e-02,4.545551451696169809e-02,3.502162225765768910e-02,3.404493015534484912e-02,3.815276716781602212e-02,4.365082713104587869e-02,3.489165545078420916e-02,4.821527760528776518e-02,4.914343914291743193e-02,4.884832325803263597e-02,2.424383447593545654e-02,4.470787543498101063e-02,3.710030583453652331e-02,4.282721425124509651e-02,1.842646158548199437e-02,4.538813759495826522e-02,4.560291421786700355e-02,5.110467847437440841e-02,5.085551016120368195e-02,5.168417737381540700e-02,4.586681279229740116e-02,4.987817060075752651e-02,2.647119486074400382e-02,5.244205711659241653e-02,4.660628280556540493e-02,2.541589760126541572e-02,5.071826404090624962e-02,5.119986958862966786e-02,4.921385486647451846e-02,4.865073636141582086e-02,4.707430526941486920e-02,5.157797406353114428e-02,5.172493558774414468e-02,4.588234014567346697e-02,4.999459598290147827e-02,4.741022413319077866e-02,4.648738868392410239e-02,4.745908475856166348e-02,4.305540980411229346e-02,4.633811315148288201e-02,4.339248064192793158e-02,4.434817826774613281e-02,4.674068543185828234e-02,4.560543560411821351e-02,4.360058957790836909e-02,4.960542502881220422e-02,4.902610394595741106e-02,4.574874089251228237e-02,5.185931382812646734e-02,4.740999200600790053e-02,5.251340945403313448e-02,4.886917140327494413e-02,4.856441546417847310e-02,4.557534416354158679e-02,4.780460229276695810e-02,4.874002821444688160e-02,5.147729055482846289e-02,5.173579560798867438e-02,4.958557797068481598e-02,4.766904627691827961e-02,5.005231300899432717e-02,4.947900989307228714e-02,4.987736690852576094e-02,3.940814843841612680e-02,4.809485340290111516e-02,5.093652799109453511e-02,4.942672481665680989e-02,4.902945083819022776e-02,5.178554917887927961e-02,4.964969240373337533e-02,5.123800656207525006e-02,4.662663950166296561e-02,4.815599678125955657e-02,5.161510980527272974e-02,4.771401763489377390e-02,4.985858512415437815e-02,8.446542039422551620e-03,5.113138151688748079e-02,4.579959732921110027e-02,4.040322511786938880e-02,4.744998837252132479e-02,3.619284645935837846e-02,4.771400153461938243e-02,4.657870308347954874e-02,2.828499553659273580e-02,4.792686397531118608e-02,4.484578330232658061e-02,4.993163795377340841e-02,3.383851790399100556e-02,4.409783820437666868e-02,3.568161501674518149e-02,4.193122220808139650e-02,4.884937341928423382e-02,3.747618900487890287e-02,3.416019075466671107e-02,2.848332543270883782e-02,4.865521654335627777e-02,4.297396175561611631e-02,4.245706840560383583e-02,5.338823324660452174e-02,4.979278364168782806e-02,4.288142288110408790e-02,3.739425429124464129e-02,4.576205530137752997e-02,4.268122605411785869e-02,4.375738014464704284e-02,3.873765198141611993e-02,4.846101690602776929e-02,4.853240676808334014e-02,4.430536331399861916e-02,4.105151630990482720e-02,4.837026988820188750e-02,3.832150249533311515e-02,4.572711042431135825e-02,4.826816547849625827e-02,4.256161646471735838e-02,5.167655550688117494e-02,4.743556857650924052e-02,4.440858199642669368e-02,2.961419796251393496e-02,1.583359973406603047e-02,5.048298272420035510e-02,4.812432199301957397e-02,5.205551442956789232e-02,4.930078473017818208e-02,4.982511226373855656e-02,5.015925218560116777e-02,4.958025130443573236e-02,4.739660429650949247e-02,5.038433378325102296e-02,5.165527391477035130e-02,5.217490609873092627e-02,5.187704945082196456e-02,4.780031998019532158e-02,4.474781640110056524e-02,4.805672288449956003e-02,4.612455244965599221e-02,3.722766918503810779e-02,4.792957152327480264e-02,4.741460312154854168e-02,4.458450392938274887e-02,2.329279395625903637e-02,4.524013590587599304e-02,2.005295018103111018e-02,2.329602633113356594e-02,4.954567113955390956e-02,4.681664851273740352e-02,4.873535581335256689e-02,4.848370325245227042e-02,3.693074348732103968e-02,2.819242924863905528e-02,4.476905839469545040e-02,1.503370588979237657e-02,3.863104838256525841e-02,4.843313366733068004e-02,7.209532066862512321e-03,4.526129078692558982e-02,3.438813449942638989e-02,4.654597716814845576e-02,2.314510926311947464e-02,2.377125236518298421e-02,4.255395430100473303e-02,5.037205380355402884e-02,4.886668135557493270e-02,4.915680544842471883e-02
4.098471877352088261e-02,3.461383712526368978e-02,5.215529582478717341e-02,4.279527534259134486e-02,4.016186554785184520e-02,4.766354948354876997e-02,4.706118059578427021e-02,5.376570796420963166e-02,5.447412848153110332e-02,5.371213414920715523e-02,5.429266433101451184e-02,4.937364064796424118e-02,5.111546277748508366e-02,5.420238189551175589e-02,5.218927756146957836e-02,5.460490997566235655e-02,5.409223449490132424e-02,5.495924925100580810e-02,5.038349084607293693e-02,5.449321713912237686e-02,5.082058147252151159e-02,5.283549858965515267e-02,5.465178292027952911e-02,5.478301030645651298e-02,5.185945926113064153e-02,5.283941300238479549e-02,5.227648490038626361e-02,4.648457380596118793e-02,5.020233157849356836e-02,3.182420727825344131e-02,4.001881955875549041e-02,3.447231914067768604e-02,2.033015407048682430e-02,4.036284155974869531e-02,5.484178057372264548e-02,5.201409129976340695e-02,5.473516827609220536e-02,5.233768003295877907e-02,5.039902558709164621e-02,5.413165151573656048e-02,5.382541394841267035e-02,5.211911812823399187e-02,4.881070485012112270e-02,5.324506986507871603e-02,5.351477169703667408e-02,5.450120124948945599e-02,5.410165432997793289e-02,4.909555475449152440e-02,5.138159740358694966e-02,5.392366861999935840e-02,2.795054883166118997e-02,0.000000000000000000e+00,5.456811752752642984e-03,3.017755713673298326e-02,2.964581573872083087e-03,7.569386622733658039e-03,3.983280984731274454e-02,2.453532934026673995e-02,4.671318044631434657e-02,4.983136971958176259e-02,5.244674202277857522e-02,4.832972972905701103e-02,3.102948036878340823e-02,3.159761774442769455e-02,4.802867811757566274e-02,5.122742019720043921e-02,4.009877310706196768e-02,4.277086082595302208e-02,3.199788432170570102e-02,2.988493021813582937e-02,3.725620208673300487e-02,5.077901871037712733e-02,3.446190267452962225e-02,5.224479930856675003e-02,2.518954459556032102e-02,2.614183416936345650e-02,3.493953098178049360e-02,4.849649008887095547e-02,3.153997625497920870e-02,4.212389832120541633e-02,3.188908166285313317e-02,4.743644026543226977e-02,2.371391009296467192e-02,3.111742512111152076e-02,4.465574008251011612e-02,4.028506784338847790e-02,3.927831772455833703e-02,3.344035151879900386e-02,3.259716825502173565e-02,4.477152101331673822e-02,4.953085534087760949e-02,5.023632844125566765e-02,2.821635796771234175e-02,4.651468639920703502e-02,4.639551598053431869e-02,4.145668541479469171e-02,5.106358659029767988e-02,3.769993041310309989e-02,4.218915191422072802e-02,3.459294221825032906e-02,4.049821090719733785e-02,4.335875237708415597e-02,3.554910141759020509e-02,4.171097829207071755e-02,4.180116751199502989e-02,4.299517700899786743e-02,5.367883336472549505e-02,5.332079319763684960e-02,5.333081613629220286e-02,5.401855396246047630e-02,5.351270993383130947e-02,5.329917260528642398e-02,5.386650976564092558e-02,5.313658760735431863e-02,5.160621591483049997e-02,4.647020915692363224e-02,5.362624509891279756e-02,5.294656405673854593e-02,5.112051929416532720e-02,5.450343674710102920e-02,5.080713678949072554e-02,4.697808373712096530e-02,5.423614424387297045e-02,4.924776224864936547e-02,5.113637586888789693e-02,5.486733285682082045e-02,5.455078174257454310e-02,5.511173046135448006e-02,5.434508331491155059e-02,5.039578449398122995e-02,2.696354744014678451e-02,3.132209425865986607e-02,3.559946709471341342e-02,4.066446326372166742e-02,5.424249289480347069e-02,3.677817630488280226e-02,5.439374128294273414e-02,4.836701002317390224e-02,4.360854320159186781e-02,5.370408370992386243e-02,5.410097532934807912e-02,5.438687673695700303e-02,4.869396302773191382e-02,1.703346754498122687e-02,5.359415346491237797e-02,5.075760557930272809e-02,5.448105840223902568e-02,5.108229308418166248e-02,5.398553684809468539e-02,5.152441505184614939e-02,5.283540611452638286e-02,5.298918772977984776e-02,5.263758263588525638e-02,5.393484786501501899e-02,4.213856999650335278e-02,5.271580887948319055e-02,3.087227002287332503e-02,2.616270251539220063e-02,2.718181263104057707e-02,4.678235759456537968e-02,1.880365874815903907e-02,3.001473721237204323e-02,2.531037898853649715e-02,4.365007765851067201e-02,3.713392344138484458e-02,5.319216786459320112e-02,5.515539741372500748e-02,4.793758399349880989e-02,3.606927651628053649e-02,5.373538398743400724e-02,1.353743646413589803e-02,3.446910318221337033e-02,4.451889128621808189e-02,5.271719602687256062e-02,4.832722897552602093e-02,3.264902836990632440e-02,3.523254040198443848e-02,5.156698035714574191e-02,5.546134186654613080e-02,4.387159990540412391e-02,5.413193420204036321e-02,4.026083207607374786e-02,5.374702530688965640e-02,4.248753512138176563e-02,3.843712006095097167e-02,4.448948511379504506e-02,4.566841790748602664e-02,4.594856137616175340e-02,2.328323520990136994e-02,4.121751789803554389e-02,3.286747049729556169e-02,2.739422355159197228e-02,4.729374861985178452e-02,2.596269257160346150e-02,5.023775835210567142e-02,4.195780930635954753e-02,4.192284635087954042e-02,4.508462458391700872e-02,3.080748920164195007e-02,4.726284230648775814e-02,4.015836682113383543e-02,4.724924813288553654e-02,4.846197103354820540e-02,4.630141062524207457e-02,4.549665085680167781e-02,4.906733938010534452e-02,5.334661013117396322e-02,4.924426354025728675e-02,2.536884499223848038e-02,5.408077690338813914e-02,1.884821650217592334e-02,2.496807253458666401e-02,5.199187384075759644e-02,5.143898133192188749e-02,5.338295103258991481e-02,4.955724763529017335e-02,3.261526537317194913e-02,3.846814460525330159e-02,4.376171562388305597e-02,1.345524768642051248e-02,4.222714464713852450e-02,5.190691692538394048e-02,8.252540458231604620e-03,4.804877033361297511e-02,3.265664121033818451e-02,4.769119780381364526e-02,2.237489046254100000e-02,2.348708804780499232e-02,5.014234826293058334e-02,5.286275120434034969e-02,5.060525379686563185e-02,4.954790680542337650e-02
3.236373142417236712e-03,3.242441894688513800e-03,4.138421298395033275e-03,4.620619712684269527e-03,4.200405697410537244e-03,5.965007291838232868e-03,4.722114989108580976e-03,5.369529163186533352e-03,3.227262749331287397e-03,6.207169291850546562e-03,5.352038360881632671e-03,5.961687772027835994e-03,5.683322370425312152e-03,6.023480068794721982e-03,5.788484477037592578e-03,5.585430606483638219e-03,6.141362184360598872e-03,5.023391188824027909e-03,7.069298746237456278e-03,6.645558620555207241e-03,3.503058300289953360e-03,7.166411946117649638e-03,5.441053147206040275e-03,4.286302157512445442e-03,5.674038102495927716e-03,4.635299350050583848e-03,5.579056601807790006e-03,5.443663525469053313e-03,6.469923654874229317e-03,2.776993001643259049e-03,5.184287621345912318e-03,3.426490809520277986e-03,3.125221434785266459e-03,3.331683138758330994e-03,5.722188114613216067e-03,5.460829875545580858e-03,5.559294960273302062e-03,7.159595180046818101e-03,6.606539359449925368e-03,2.633444306777740773e-03,2.873406739304750022e-03,4.348628626513115041e-03,3.629979521041150955e-03,3.206364685699703791e-03,4.643498197518670066e-03,4.634258538925128089e-03,4.889723855376369895e-03,5.385743830386294576e-03,6.094996429128664121e-03,5.459894208489251763e-03,3.302640504916543821e-03,5.456811752752642984e-03,0.000000000000000000e+00,2.826766119339906534e-03,2.596364245264303969e-03,4.933258379364736067e-03,2.794984001933997157e-03,2.979576852061469831e-03,3.110939228475246166e-03,2.919729764860479887e-03,5.656307875084220539e-03,4.624612651247645388e-03,6.494128984612207792e-03,5.824386253416738088e-03,5.635404626191373167e-03,4.142603943346248249e-03,2.980157087447051108e-03,5.657420456890043838e-03,5.853275912943403832e-03,3.896863088312479267e-03,4.432057144517721238e-03,4.191055356464782992e-03,4.517852420230618685e-03,6.755827106124638430e-03,6.275817723926383623e-03,3.693469081572522614e-03,5.535588710871721004e-03,2.957976802218622008e-03,4.078085470328268909e-03,6.404429888854442851e-03,4.048337311439485255e-03,7.386168325523619592e-03,2.039012044806547998e-03,2.659200680810479625e-03,6.150146498819454056e-03,6.056951861805729732e-03,6.581914158894822120e-03,6.115648774959592596e-03,5.269014166400810481e-03,4.275971317916752758e-03,6.340481433016199528e-03,4.032567226228325058e-03,7.384598504185131175e-03,6.661851129530360280e-03,6.109915314391028453e-03,4.884460094527308914e-03,5.603252500200273968e-03,3.289000063989068207e-03,5.534348680917170436e-03,6.485486908662239577e-03,5.873041700568314150e-03,6.062673370310345082e-03,5.948832324222290760e-03,5.946932316069447784e-03,6.523129190377291095e-03,6.530225897798998952e-03,5.803640441955040807e-03,6.205100370308150315e-03,5.331167364885867552e-03,4.282812373006548816e-03,5.691205024675664685e-03,6.415751490469677812e-03,5.555057887398597710e-03,6.130811706878056856e-03,6.707146029095590288e-03,5.820824019598169058e-03,4.090798966816042680e-03,5.841348609392544786e-03,5.629795120218807937e-03,3.881695935756741735e-03,6.641110407714701826e-03,6.936569691853412302e-03,6.638362960031400813e-03,5.476889826811289115e-03,6.386344992028059053e-03,4.967341194852958539e-03,5.337440958410571111e-03,4.974835755118815067e-03,3.711585559907402011e-03,5.088247816271921319e-03,5.382056311774733280e-03,3.243284653747607188e-03,6.526874165676991441e-03,3.051856476738526187e-03,3.758273287182933159e-03,3.320389570929897956e-03,5.489414538424605000e-03,5.523256792807713401e-03,4.260444038007943530e-03,5.417898013038363776e-03,4.824210050312006080e-03,6.030079211095277364e-03,5.910818107470268770e-03,4.957299332759536152e-03,6.623164010585689404e-03,5.598775910329635737e-03,4.890447982827765376e-03,5.852310050839162198e-03,5.235725402833154088e-03,4.848690388718568736e-03,5.942093930317968349e-03,4.033533632332531559e-03,4.494274667279251310e-03,4.444148152551268688e-03,6.197069786070601334e-03,5.607390007792716416e-03,3.783207695731817012e-03,3.625099587706304746e-03,3.354094760863469190e-03,5.682295666857564362e-03,6.139617731677687179e-03,6.648261646368966091e-03,5.132595004384596198e-03,5.883042945289635416e-03,5.340036501699859869e-03,4.584673183286183153e-03,4.635417211598091662e-03,3.695252570866479087e-03,4.818664539921563468e-03,3.551088568673916104e-03,3.672298417464371287e-03,6.782120315230383452e-03,6.174369763743449424e-03,4.470792660134064074e-03,4.179066815163066766e-03,2.974075088287341049e-03,3.442390572519219132e-03,4.149004005910017674e-03,4.490071273811057154e-03,2.910556347645000801e-03,6.263531714230934945e-03,3.593024732830678303e-03,6.509527503519824121e-03,5.882870668196498246e-03,3.160427842700894250e-03,6.133514266549876422e-03,6.077533516826987871e-03,3.921079459560502557e-03,6.265986196215538040e-03,6.088660540279757644e-03,8.650749339679129554e-03,6.095537525915786445e-03,5.908984079582491576e-03,5.970394079551547169e-03,5.633469330646798459e-03,5.283980501893688689e-03,5.507160592781916962e-03,5.151752538900389485e-03,5.765749573673117391e-03,6.158354789677826166e-03,4.031556723680902038e-03,5.620916596009758147e-03,3.041453559215243074e-03,3.003099655588128882e-03,4.195039626636583134e-03,5.119713763612172321e-03,4.788798734718833008e-03,3.267984339105347788e-03,4.076822036239264972e-03,5.898508967604128989e-03,5.492837888570745175e-03,5.322064650427171806e-03,5.147903703894596804e-03,5.953228394496141995e-03,5.904093730749622286e-03,5.576512864126791438e-03,2.498866512529552414e-03,5.674445318103259195e-03,2.393015476409786693e-03,3.070625550944923367e-03,5.195364219060346310e-03,5.617929265370904743e-03,5.227526136085747406e-03,6.236786564892627706e-03,5.900573825077118709e-03,6.983829014623578815e-03,5.673363689416404884e-03,6.814000509634167077e-03,3.834665364662810921e-03,4.633800645439787105e-03,5.970464987073193994e-03,5.980867498518421810e-03
3.215076147562752340e-02,3.292633074931559933e-02,2.626971438816430582e-02,3.163604905467574946e-02,3.011760444727400177e-02,3.063269395140344464e-02,2.662983905119821124e-02,3.131152284727629215e-02,3.182491223165200694e-02,2.978220269576461326e-02,2.838213320190398348e-02,3.063617111488116038e-02,2.952278279141343220e-02,3.269412618843853952e-02,3.073837715882717786e-02,3.436193413159456533e-02,3.400952055460141482e-02,3.426243787764273602e-02,3.095272129767595928e-02,3.314488268444953922e-02,2.789516570031038215e-02,3.256955091182750506e-02,2.757008459335217460e-02,3.016122465732021252e-02,2.968082130327497070e-02,2.826838116094472844e-02,2.729997461923964683e-02,2.954612414328545641e-02,3.399895583906151209e-02,2.732534329338537349e-02,2.930396206262243439e-02,2.913270759824928419e-02,2.577142201175860667e-02,2.974862066697791380e-02,3.126574861433132485e-02,3.267512616262562702e-02,3.139752717145902899e-02,3.377638169780675104e-02,3.108426792964848195e-02,3.074951332005730967e-02,2.663148726026455179e-02,3.209059092343390096e-02,2.438228023558727461e-02,2.155892237002960191e-02,3.045394037038579027e-02,3.420745423904041072e-02,3.130660936638513664e-02,1.999639106751339296e-02,3.073285854856609017e-02,3.135582027066709243e-02,3.247039182922033251e-02,3.017755713673298326e-02,2.826766119339906534e-03,0.000000000000000000e+00,3.765741584087001388e-03,7.181302168825747304e-03,2.940645818905209680e-02,1.678675349844142850e-02,2.742385457170645746e-02,2.414983861554613823e-02,3.008398084529436550e-02,2.611436567791092581e-02,2.526551423024456233e-02,2.502882332437605245e-02,3.411535817886900829e-02,3.112724844736206378e-02,2.292729734873431846e-02,2.288831780421816606e-02,2.253697566278121261e-02,2.753420776288440300e-02,1.832510774936601736e-02,2.660687486549698569e-02,2.614591319537071246e-02,2.787069269701345289e-02,2.450864197769388880e-02,2.298068357064518216e-02,2.674299845802284581e-02,2.839092371404321191e-02,2.409898524434702857e-02,3.263969041374942953e-02,2.883735795464598475e-02,3.067424061980045247e-02,1.971052639370563311e-02,1.282190306412908480e-02,3.078542400174965124e-02,3.150332634216765348e-02,2.610414492245345663e-02,2.899681162738531812e-02,3.101704856947203395e-02,2.491254017281325367e-02,3.291833079638816634e-02,2.540661482852662675e-02,3.046461598554385530e-02,2.875997964735532014e-02,2.850004198665051156e-02,2.689141686112438839e-02,2.893940849212245370e-02,2.642762733260013708e-02,2.972441487631374488e-02,2.671728621614000154e-02,3.080268340144457634e-02,3.460243744637824664e-02,3.379438283329520148e-02,3.377339073716708467e-02,3.233061699560642321e-02,3.009965521194536350e-02,2.862007983684935683e-02,2.757358512036603079e-02,3.105997662982970184e-02,2.835405504777468999e-02,2.938552333999589969e-02,3.026725227114027486e-02,3.330319777780710311e-02,3.104322007610179832e-02,3.134339314640852137e-02,3.171728323872002181e-02,3.408502678501892924e-02,3.370845182624650910e-02,3.221883336070380938e-02,3.390624232235341096e-02,3.314129515738321874e-02,2.964641207186681851e-02,3.464120490354330451e-02,3.241534300379347866e-02,3.279683502766313208e-02,2.968929739437919241e-02,3.165010808441263979e-02,2.991390410620642371e-02,3.097191111690608678e-02,2.717250470604489279e-02,3.100326574403151556e-02,2.939024437515938559e-02,2.788329236779716475e-02,3.192905739752183170e-02,3.329037555774944784e-02,3.011612436167756743e-02,3.343283162177044382e-02,3.324204808295706109e-02,2.561676869092392728e-02,3.433204988482712466e-02,3.346445113515017500e-02,3.240678033206415704e-02,3.196147153657592083e-02,1.431526480279313521e-02,3.285538914000169647e-02,3.382910729925017734e-02,2.805981184388627037e-02,2.950462222054484746e-02,2.706932633226867904e-02,3.227039765381208708e-02,2.875433585657058422e-02,3.075399754035564384e-02,2.400543998934523415e-02,3.075694216346105958e-02,3.330350889887639942e-02,2.983151581824175849e-02,2.906971047915813885e-02,2.601991502779296001e-02,2.954657960406807324e-02,2.657746458773534506e-02,3.151921375964804317e-02,3.198739591149035721e-02,2.400317560913508425e-02,3.216721294519170327e-02,2.459465218947962453e-02,3.186895877264141891e-02,3.387864389414456390e-02,2.556218141240963054e-02,2.216609235927613497e-02,3.356224473060452629e-02,2.775461228783053860e-02,3.129782963522027145e-02,2.316379966499765644e-02,2.764344168921810743e-02,2.065769377371122831e-02,2.259189802912027478e-02,2.829209247735301955e-02,2.166754689585331101e-02,2.828974477509016774e-02,2.636501061233234577e-02,2.955050777138758245e-02,2.739250987677178603e-02,3.163968419815080257e-02,2.379828801741335972e-02,2.448390128833969823e-02,2.758265111313266960e-02,2.761958618390061848e-02,2.969361498828428092e-02,2.448465371565846857e-02,2.579435352470122247e-02,2.821798831587898904e-02,2.626605538433074080e-02,2.605089344475101584e-02,2.785948181795017478e-02,2.916793570509348954e-02,2.831997597507058054e-02,2.970196342759820127e-02,3.076104195281438233e-02,2.269780244650803844e-02,2.815817831217318559e-02,2.719018280215243499e-02,3.212145249284192178e-02,2.831667262101794300e-02,2.809080037027059454e-02,3.069280349541216035e-02,2.925141068319588381e-02,3.038133160876554592e-02,2.636676955012786511e-02,2.457967508896321054e-02,2.916384205570286131e-02,1.916471386773179256e-02,2.579982016339436857e-02,3.027195471481659503e-02,2.607484149863707745e-02,3.049922343392296245e-02,3.090623377754824277e-02,3.020114709516055068e-02,3.097273902035876589e-02,2.731336544729059262e-02,1.996286887432454846e-02,2.844461173186825856e-02,2.908807527815346003e-02,8.000549915086160521e-03,2.732519616907741825e-02,3.092909382908353919e-02,3.308335523024949487e-02,2.648202447101116394e-02,2.421743779281493661e-02,2.895320583274139936e-02,3.195753924035148186e-02,3.318531394626225012e-02,3.089350552811618092e-02
3.909468995122654562e-03,4.029905707628287856e-03,7.276071098864592135e-03,3.644596027701635203e-03,3.189948353951684544e-03,3.279393698855138060e-03,3.589082712554220872e-03,5.274456850791611924e-03,4.231801036831162564e-03,3.803005812812710294e-03,4.108322949684087635e-03,5.642044401781950297e-03,6.475453157791184571e-03,5.927802475457330869e-03,5.204564784280362941e-03,8.298289101169796858e-03,6.629387658582770390e-03,7.965523810563215901e-03,7.490120825017525935e-03,7.448460641962987606e-03,5.647921708400837314e-03,7.215296229695499983e-03,7.297005780530044748e-03,3.681005674252946225e-03,6.824160360725682953e-03,7.395706374022887469e-03,3.840796075482559926e-03,3.701078900558661504e-03,8.631464945132618152e-03,2.921983318441079020e-03,2.859381730024832067e-03,2.888837179445031753e-03,2.236809048326674453e-03,3.477482911344649975e-03,5.118967621528414981e-03,5.522894822787186887e-03,5.157030016230287027e-03,8.523813851681020723e-03,4.827294117635142282e-03,5.999132565258824892e-03,4.677470847243059976e-03,8.168817506782055649e-03,3.513838074206987374e-03,6.290570150271723553e-03,4.374262489551619150e-03,8.241996758067474810e-03,6.159781968380716351e-03,5.815594536644422795e-03,8.489530344965646666e-03,5.120324246893749251e-03,3.668519741868957185e-03,2.964581573872083087e-03,2.596364245264303969e-03,3.765741584087001388e-03,0.000000000000000000e+00,7.410152642789722202e-03,2.298314555043101844e-03,2.534766721232289532e-03,2.912143154406921560e-03,3.182206314884591849e-03,4.505710101438563722e-03,4.481474193058505862e-03,3.642080400794690202e-03,4.128575421141283085e-03,6.630450460684440654e-03,4.159724927429707744e-03,2.687808738439241476e-03,3.567809984103540756e-03,4.108025028915456359e-03,3.722163720841956125e-03,3.242993438052003529e-03,7.293767834644355845e-03,4.252613324808023065e-03,7.778370067809397582e-03,3.617251000583571099e-03,2.597817951816687627e-03,5.788613672629921124e-03,6.165808775383096324e-03,6.850523964474412517e-03,3.822089141023326132e-03,4.575805815470332383e-03,3.563382914282594432e-03,3.467175698369824935e-03,3.107603617200187674e-03,7.508928182288645767e-03,6.878667413573366293e-03,5.436082523877983595e-03,3.584164142824689068e-03,3.592183874342475252e-03,3.636987861128003919e-03,6.032320364025586454e-03,3.939136799496124886e-03,5.787932234176590418e-03,5.227044979272288394e-03,4.087475118600813334e-03,2.441663111986023052e-03,3.490550821777815751e-03,2.645718475191122590e-03,3.835072250619758153e-03,3.365133397209934835e-03,3.064089645320340009e-03,3.777146594500157759e-03,3.321539935405425949e-03,5.290638231467899820e-03,4.321227391693127987e-03,3.394401032262014690e-03,5.705834789906634799e-03,3.673682884650726534e-03,5.489426339388783077e-03,6.535385872971319690e-03,7.092017429344851277e-03,5.662814153668428198e-03,3.424922428888514062e-03,3.520571426788739883e-03,6.511122557982165077e-03,4.457626363627637672e-03,6.064773863970365601e-03,3.703875505469352708e-03,4.163847795874849565e-03,7.831561756759822246e-03,3.830930471610267951e-03,6.195240436339362507e-03,4.125216677712645677e-03,6.841648150881205620e-03,7.862575592682226333e-03,6.978702268219042285e-03,5.623253985371285367e-03,7.039195549810978690e-03,6.667487858724134055e-03,3.164795629680847589e-03,2.346290056632056691e-03,2.769190259119617623e-03,3.428662771391934559e-03,3.466530592705407109e-03,5.981276271833003803e-03,3.227327655178667716e-03,6.027630144445411328e-03,3.575070144808212367e-03,3.666582967750020138e-03,7.666515751951204910e-03,6.939936757240101201e-03,6.529565267422378708e-03,6.556687402043805644e-03,3.719867955987998364e-03,4.202290018966832463e-03,6.204106330801282231e-03,4.086787561587148891e-03,5.029692659377420390e-03,7.343312857741980150e-03,7.203179185687846701e-03,7.861151259160632440e-03,6.590699138188611805e-03,8.777459226962498751e-03,7.737940583429977516e-03,7.686675169493434497e-03,6.504490506592744241e-03,3.170818237844158158e-03,3.729990994201053817e-03,3.174983169487955500e-03,8.343064723622978240e-03,3.509992353446038469e-03,3.096679002907056291e-03,3.483041733455153038e-03,4.241299135843254638e-03,5.975428497112334446e-03,6.156807253607986426e-03,6.878130890296462949e-03,3.244635956230010158e-03,3.858624705661290854e-03,6.378983151964234995e-03,3.558896210694227451e-03,3.771718852495608686e-03,7.259227378688274356e-03,7.921881692304719169e-03,7.812484941046908549e-03,3.901021281448085066e-03,7.860285670484710996e-03,7.577205702784046287e-03,8.671231642166304238e-03,4.438535778441351706e-03,8.605077461506162317e-03,7.082683815904947978e-03,8.461394611074750383e-03,4.321673388482619171e-03,3.704863924514017071e-03,7.072408091065330270e-03,4.063090438495431909e-03,4.871991107645101161e-03,6.646553468596724280e-03,6.635044620377537200e-03,4.803317670040221747e-03,3.872261186759054508e-03,5.758985206463233114e-03,3.427615612316917398e-03,4.850286757436382372e-03,3.374887003307110254e-03,6.036990209573343813e-03,7.069161816841782603e-03,3.227830405554895331e-03,5.156465877436078489e-03,3.132641636687558823e-03,3.825919419728089632e-03,2.791766122819712512e-03,3.305264148205468329e-03,3.916828319704233376e-03,4.153194522322345775e-03,5.636964107153219841e-03,5.674766338449306266e-03,8.987338563825022358e-03,6.639129555269776030e-03,7.655084195520331196e-03,4.835039202689742771e-03,4.506404692261316292e-03,4.491958343687990282e-03,6.166237051176508104e-03,7.606883734469696914e-03,2.478990820641476574e-03,4.846092854843025988e-03,2.171378157151199022e-03,6.610008677655389818e-03,3.199529380416205483e-03,6.417820008412323217e-03,9.333932109576285191e-03,4.757789929798009534e-03,3.403813623670895201e-03,6.010328741860667193e-03,6.766046012703666630e-03,7.140155328994534333e-03,3.062475594047448652e-03,3.476474422138074293e-03,4.821777963170571259e-03,7.649312481479993153e-03
9.666339694364959115e-03,1.187302321001416916e-02,9.896323553408045356e-03,1.135283026177675778e-02,1.127406326473569080e-02,9.984410912499634000e-03,7.697271766165322479e-03,8.616116279814633322e-03,6.074249519349263562e-03,7.771372768784506890e-03,6.248056407372707712e-03,9.862272593801216583e-03,5.281944147704285657e-03,1.069700334091335144e-02,7.966130882267823121e-03,1.041168128072957055e-02,7.137928036574386730e-03,8.822675216221766495e-03,1.062199190622091505e-02,8.043862857363642468e-03,2.266265523108039904e-03,4.510836004019436532e-03,4.607997150943945672e-03,3.478288031027552008e-03,4.403057586255992688e-03,7.940842294036746379e-03,4.979523528393420620e-03,6.962131852652899550e-03,1.028850154603332644e-02,1.220153920910117991e-02,1.059732276720553625e-02,1.106211211866984546e-02,1.080849142673087279e-02,1.081980676615290626e-02,1.130146988251641733e-02,1.098826914567444489e-02,1.067236467993360437e-02,8.975579394806351696e-03,1.096949106047656955e-02,7.928450027783829138e-03,3.416894403301415015e-03,9.433343227006328949e-03,4.898478224270500989e-03,9.655824505801843469e-03,5.227723885368424500e-03,1.029167140506312243e-02,4.936504878816822678e-03,9.408812550731834173e-03,5.821053231132777492e-03,7.485587349347372355e-03,8.566635652885453561e-03,7.569386622733658039e-03,4.933258379364736067e-03,7.181302168825747304e-03,7.410152642789722202e-03,0.000000000000000000e+00,9.896237399796604245e-03,8.328851110182963410e-03,1.095269276789028953e-02,1.024824182943902262e-02,1.121341225592807286e-02,9.845857087141649325e-03,6.657221143386675422e-03,7.828664945678199746e-03,8.687142914515767061e-03,9.834164282270277738e-03,1.060238601771935907e-02,9.726812005373076594e-03,9.929280258714721918e-03,9.927567385362778135e-03,9.782202658903959430e-03,9.423616923037336779e-03,8.956183109949989590e-03,1.020008622302563499e-02,8.449683692973370894e-03,9.806874189267227038e-03,9.069698889050764601e-03,1.034974375879080602e-02,9.329996038175667611e-03,8.362907324376236962e-03,5.535902608629553537e-03,7.456599133387848029e-03,6.209121006718020842e-03,5.091440426368732015e-03,8.033741287334411965e-03,7.316326323213762778e-03,7.937214344666600543e-03,8.580063338588626506e-03,1.077588307332592865e-02,8.945211468031562946e-03,1.002475255359440605e-02,4.255573515283959940e-03,1.113272241458649302e-02,7.558929837711729667e-03,5.556121654243273943e-03,7.892504867900379875e-03,6.302655884325512013e-03,4.947737228236878844e-03,6.069345343105546874e-03,8.232138871593642701e-03,1.057988939610501194e-02,1.083831135695558813e-02,1.002231519082433589e-02,1.108570577116236092e-02,1.082445944317028327e-02,1.098652335066330719e-02,9.262010768988858042e-03,8.806774608087939230e-03,9.822972436729070569e-03,8.969168420465451971e-03,7.618969291696990956e-03,7.102688117269043665e-03,7.984164643241916520e-03,8.675087672654374638e-03,9.169690164883960090e-03,8.521103181123129006e-03,1.094913821977742431e-02,9.244145165391718169e-03,6.161841376344613826e-03,1.058700919139979844e-02,6.985695826465839441e-03,9.615142595871418313e-03,6.337848713412852324e-03,3.687197224105204143e-03,5.545924370662701740e-03,4.360948102260627825e-03,4.051251651881459907e-03,4.085246310249916746e-03,3.284455722023061925e-03,9.086067558621372872e-03,1.090453782362643849e-02,1.176436029889507684e-02,9.554252712036774217e-03,1.036090656173847303e-02,1.074297089553424150e-02,1.054655751805578558e-02,9.964466117033714265e-03,1.095542004463834554e-02,1.042831126929820960e-02,1.017200476527409074e-02,1.099681546159574086e-02,7.150830389585804102e-03,1.019596368062276187e-02,1.312791881130440097e-02,2.935021531119777830e-03,4.675262687566400857e-03,8.202721503875499975e-03,1.053401062219066001e-02,1.027826591301649051e-02,8.739528312069319918e-03,1.103964251818056151e-02,9.618061526740205938e-03,1.203716304709622799e-02,1.105465328587568533e-02,6.019955202333605176e-03,8.846012084668534656e-03,1.073680376737962475e-02,8.468364293983603880e-03,1.045121182319222637e-02,1.103306956141583174e-02,4.743336519795885928e-03,6.580451305694963449e-03,6.143353975022501808e-03,1.123810950834692492e-02,1.040493471754264793e-02,1.042394473194381208e-02,1.132310452321252589e-02,9.066405651945785155e-03,1.024834632305153537e-02,7.387871859691004864e-03,9.296244155730727307e-03,8.151738005841705978e-03,1.117062779841103241e-02,1.104610976993150757e-02,1.111493125501051768e-02,9.863688205135464834e-03,1.061790938544265178e-02,1.127108005704062846e-02,1.229840752954971562e-02,1.056154093913940460e-02,1.000343282599480514e-02,8.098154255154192682e-03,1.012938957404504146e-02,9.784373658214716094e-03,9.874920134347606529e-03,8.645718704053081613e-03,8.692636882217927297e-03,9.471962685848744554e-03,9.768647890945236084e-03,1.040316041769800970e-02,6.795958535459570293e-03,1.077650272129952562e-02,9.638272384443273902e-03,7.192114314531847068e-03,6.844665951368488106e-03,5.573128664934419267e-03,9.049564540726449252e-03,9.060581580504427357e-03,8.273553031107298492e-03,8.790822847775860149e-03,4.587743878515397611e-03,5.783675028500781870e-03,6.122094020238865071e-03,4.003441329077215075e-03,6.188134058801219618e-03,7.748005829390659967e-03,1.028196894480307676e-02,1.043716903695899971e-02,1.183578942473458018e-02,1.124429998864657186e-02,1.001640210157427567e-02,1.002248526807465040e-02,9.553609123302417988e-03,8.463228057155778097e-03,9.843382621358909984e-03,8.917584080823671641e-03,1.082112009612143204e-02,8.604668405050456062e-03,4.409325071735403605e-03,8.434450066353927147e-03,6.476230905653215970e-03,8.609093879538188762e-03,7.445256500930903451e-03,6.743754325179331620e-03,7.562147622992949729e-03,1.275887091308893634e-02,1.079102004421226418e-02,1.120462261875788262e-02,5.980397473577153331e-03,8.372283936993324405e-03,8.264137801739247433e-03,1.075533401685426112e-02
2.592198360015550707e-01,2.168998084763575085e-01,2.801552897005020748e-01,3.412299494429174018e-01,3.292541999317687984e-01,3.442589194883876602e-01,2.307695450153041394e-01,3.455481580702285949e-01,1.094012563084444944e-01,3.456983066759012346e-01,3.446898827825809475e-01,3.520107879898035641e-01,2.164621550956476181e-01,3.434147463205997064e-01,3.467308508082368457e-01,3.362303766548142003e-01,2.786535419838892524e-01,2.636603176074314714e-01,2.871719169498503366e-01,1.498358952580362280e-01,3.098847836765275532e-01,3.561510101497171177e-01,1.368832412786673558e-01,3.354260969807963955e-01,3.436102806969724699e-01,1.899948143189028882e-01,3.496652000843155084e-01,3.479143966064007776e-01,9.112834869963892803e-02,1.993098102266804561e-01,3.071967563675198076e-01,3.207682555644553180e-01,2.897585384761143246e-01,2.608639780294426669e-01,2.629778882101770354e-01,3.067809181071234903e-01,2.985670972479460006e-01,2.106270796286968117e-01,3.157366115183969923e-01,2.615077502801961828e-01,1.706976403755595117e-01,1.698846774130775839e-01,2.560970345565491968e-01,3.029399971776864930e-01,3.371063288783202050e-01,3.029760621201631476e-01,2.564698388666103446e-01,3.422950900238192484e-01,2.468452076144487528e-01,3.200340198438291206e-01,3.913724909849244926e-02,3.983280984731274454e-02,2.794984001933997157e-03,2.940645818905209680e-02,2.298314555043101844e-03,9.896237399796604245e-03,0.000000000000000000e+00,2.622380669285345745e-01,2.306655184716634999e-01,2.213354982433264340e-01,2.530553303271524945e-01,2.744902225414965757e-01,3.545981872629894172e-01,2.969574679381405957e-01,3.476852580502773904e-01,7.270301412192847756e-02,2.819930922095390674e-02,3.099314969591906999e-01,3.541327565803548683e-01,3.362979569778109523e-01,3.392957942943741201e-01,3.419372582685631379e-01,3.218973952367549241e-01,3.505496974747003280e-01,3.559401861798113798e-01,3.272635482872023327e-01,3.578957549328738996e-01,3.466759977896213818e-01,3.557353655979610951e-01,8.333686086521197023e-02,2.019449710761795913e-01,2.962292574837216419e-01,7.060162471426002784e-02,1.342085527041973758e-01,3.368240538402401119e-01,3.419595368919623457e-01,3.500454883831358721e-01,3.484737623478756374e-01,3.525625375154876617e-01,3.155556764530409453e-01,3.552377637975097646e-01,2.881613664473888781e-01,3.170840930173367961e-02,3.472976724709775365e-01,3.497232945819210292e-01,2.672456360602405434e-01,3.422845808255507438e-01,1.241473975626559145e-01,3.509906653376630437e-01,3.525167138470459705e-01,3.069927403814406985e-01,3.415428023293368698e-01,3.532522089436643808e-01,3.467661435985210927e-01,3.353351084816993954e-01,3.498775424962465852e-01,3.454420843024360588e-01,2.888940849276581679e-01,3.421791529908933538e-01,3.039303129673030512e-01,3.485316571785026518e-01,3.486172894960893331e-01,2.802685493146965245e-01,3.241926030088326804e-01,1.501088303706985538e-01,2.208439349476946090e-01,2.139855913632806861e-01,3.389686819932150597e-01,2.197140430883010864e-01,1.746720871323052537e-01,1.039262185891329793e-01,2.885750525357289598e-01,1.411745446745032717e-01,3.536552854651806577e-01,3.481108888006351765e-01,1.648792179208093678e-01,3.287957172477991574e-01,3.196989427159966368e-01,3.488465620222211960e-01,3.543542719377709704e-01,9.861868928256699307e-02,2.852238563085536804e-01,3.148529468847525714e-01,3.044670290927195544e-01,2.331746098079894580e-01,3.194258574537892637e-01,3.030356480979436995e-01,2.818181186829927798e-01,3.159842007156641874e-01,2.157256228861108294e-01,3.158656047519637911e-01,2.826076518041723551e-01,3.560354866249228478e-01,8.792312296376539674e-03,1.623906268097485561e-01,3.179455135529746790e-01,3.174262941140107430e-01,1.439141673597943705e-01,3.082081818018582164e-01,2.147453333193438119e-01,3.229180789919098293e-01,2.749332603976043510e-01,3.494426006478483226e-01,1.142335272334509128e-01,3.305321122157492963e-01,3.254337383174462639e-01,5.417054822756885157e-02,1.335062110744248132e-01,1.084716475118059631e-01,2.850493143921396522e-01,2.079285803090636167e-02,3.126333339871654321e-02,2.391143449961551787e-02,8.646109922869352205e-02,3.188482637392591745e-01,2.293282266013104975e-01,1.236916288467739683e-01,2.739707138528827968e-01,3.059852284051312599e-01,9.266224349096775781e-02,1.064682416911106877e-01,1.689602572758553134e-01,3.523080609805052665e-01,3.151260928278148965e-01,3.378929278174945261e-01,3.291310764707074399e-01,5.844963798564827701e-02,3.400176496273659144e-01,3.227306621947143017e-01,2.898452343971659184e-01,3.509205876478503350e-01,3.497570285431440551e-01,2.918128646508941215e-01,3.563064532529067185e-01,3.135446531485849286e-01,3.516090464837897667e-01,2.565017751035046922e-01,4.258981041024217928e-02,3.578848141412552253e-01,3.536872655204264526e-01,1.878790435322277297e-01,3.565004128535319561e-01,3.490490835505960510e-01,3.280243990868732529e-01,3.484716781234577510e-01,2.503894369743666637e-01,3.428915993726970868e-01,3.537433663944348772e-01,3.487336953692755093e-01,3.487458231307775658e-01,7.589674890186587364e-02,1.172108015147330512e-01,4.685216932484956992e-02,9.917256150996231479e-02,7.041154129839968800e-02,4.997129137806421290e-02,6.629282336458905411e-02,6.396099233971709597e-02,2.079485924812990438e-02,9.332323104314148299e-02,1.926307701254000374e-02,2.534094903232048807e-02,1.635308755440576800e-01,1.833522683726502567e-01,2.112192362657778766e-01,1.123389123580557647e-01,3.013396382343020569e-02,3.663663574558048003e-02,5.662586100321918142e-02,2.023884731849684079e-02,8.799048581555972415e-02,5.837617204063530463e-02,8.004460304170658846e-03,6.168904144275217521e-02,8.320103168159230511e-02,5.928662476174024337e-02,2.477493876351031382e-02,2.401816927982472136e-02,1.910512677227124700e-01,8.961932216087022118e-02,1.271788487090466380e-01,1.876212801099124139e-01
2.638907278071090379e-01,2.133751554544847107e-01,2.694440204553339435e-01,4.903521626851793380e-01,5.554828018173427751e-01,4.186747660395855331e-01,2.219757201933530433e-01,3.543637106123672109e-01,1.104188032079022885e-01,4.066932988533861759e-01,3.903777428926565873e-01,4.822950003172795097e-01,2.266149620014173693e-01,3.595441764653515837e-01,4.062298622977171259e-01,3.379935700837446988e-01,3.053149885091032689e-01,2.685669378194883161e-01,3.019531021440720608e-01,1.524225076163651937e-01,3.072379597204134560e-01,5.025330275085675424e-01,1.343381439079091300e-01,4.367032432167574640e-01,4.337373138048630783e-01,2.188890666112520422e-01,3.418980382467873835e-01,3.876852496760263000e-01,1.215969976656459395e-01,2.186557784220806711e-01,6.304926487615496455e-01,5.306125945682056422e-01,4.697686905310570760e-01,5.318916873972197035e-01,3.247375549357707225e-01,3.848227109383255962e-01,4.049951306109448312e-01,2.281175595319890892e-01,3.906394842592795236e-01,4.895502308708812311e-01,2.048796521746990562e-01,1.843417912070235698e-01,2.935007213810749138e-01,4.158996776754487201e-01,4.077871713518734231e-01,3.101057822520970064e-01,4.956516166992502859e-01,4.081518990830191318e-01,2.557583782936916350e-01,3.270377047646825797e-01,3.878725037844936441e-02,2.453532934026673995e-02,2.979576852061469831e-03,1.678675349844142850e-02,2.534766721232289532e-03,8.328851110182963410e-03,2.622380669285345189e-01,0.000000000000000000e+00,3.374528777308920535e-01,2.474611519947468030e-01,3.393689770507103964e-01,2.996968941735880243e-01,3.546880587025518783e-01,7.955441257255961574e-02,5.846354446829872265e-01,6.835040036513312378e-02,1.554026176454932628e-02,4.732738700798454490e-01,3.552715043460316080e-01,2.655846870764417833e-01,3.722783200690351069e-01,5.581658039249207670e-01,5.269323400439295257e-01,3.630540567672507213e-01,4.959465216014582456e-01,3.204268604252522024e-01,5.577462059288520457e-01,3.548476515533890430e-01,4.745700982108066457e-01,6.480765878410028880e-02,1.859692672791729284e-01,2.886564347309896195e-01,5.768379102622709503e-02,9.140971454344504199e-02,4.676767270784834007e-01,5.525372118833270507e-01,5.456507705363361493e-01,5.854013575878781461e-01,3.437570662762344798e-01,3.617848961359683702e-01,5.006870545944036577e-01,2.807135684686051236e-01,2.723534606421604276e-02,4.470314240906621550e-01,5.332830834159290045e-01,3.825437180318537744e-01,3.413182082242551263e-01,1.156427482580718452e-01,5.003295922466730605e-01,5.556032061289195578e-01,2.930875922968805281e-01,4.144192977100911168e-01,3.756538188848557169e-01,3.431045675598410338e-01,4.511294832069099869e-01,5.216596323602524787e-01,3.974692026885527918e-01,2.862399210962243701e-01,5.224247494754353793e-01,3.082924521970109577e-01,4.281662020497535859e-01,4.270068789866445780e-01,2.993691197634151258e-01,3.240367559846520917e-01,1.558701283458504561e-01,2.117455301419447489e-01,3.166283242121818442e-01,3.401555786798600156e-01,2.332998924391610773e-01,1.660306570434733064e-01,1.257092131174209759e-01,2.930709340039690525e-01,1.404305851877004074e-01,4.816120948332045515e-01,4.565543294226486193e-01,1.637821114822813617e-01,3.637889780551291641e-01,3.192873373015214233e-01,3.834033464849034845e-01,3.683079851498015089e-01,1.085613750415980322e-01,5.758248856724409448e-01,4.804485324934040791e-01,3.849045933617418203e-01,5.387795243913683363e-01,5.562863665075313824e-01,4.907035203450544891e-01,4.659810487100429777e-01,5.854717028182196970e-01,2.800432567105180515e-01,3.487614865331539193e-01,5.558414503435784582e-01,5.477626389464697043e-01,1.305326123337543533e-02,1.656594339411580075e-01,3.335479007544103203e-01,4.080151776113788986e-01,1.569828404588518578e-01,4.052084512096115199e-01,2.216794509515928324e-01,5.290870433813228413e-01,5.707088901830729144e-01,4.768565259063238249e-01,1.151500145359414251e-01,3.363131900607539415e-01,3.559221641587602125e-01,4.636532561641524414e-02,1.315423843989510511e-01,9.320993471704322464e-02,2.870803734310039546e-01,2.915601305362945997e-02,3.075591444361467849e-02,2.498242241845155531e-02,8.683863041099937341e-02,3.564624605593230133e-01,5.051014941797595803e-01,1.787491414583148586e-01,4.393464619637943436e-01,4.099923794601820215e-01,9.564548154205945729e-02,7.539270870437710104e-02,8.870169317619289173e-02,5.302086460128403456e-01,5.117036865962987235e-01,5.324876530865821911e-01,5.249759968539042809e-01,3.673316722702258535e-02,4.883582112837157596e-01,3.492958409723696533e-01,4.027820758475004204e-01,6.024714861798482479e-01,5.431330655340285141e-01,2.813523856350569896e-01,6.405848808914258452e-01,3.241348110375316116e-01,4.828065409671776220e-01,2.547406059660455302e-01,4.584070354388233154e-02,5.115267181618403658e-01,4.186601624112631925e-01,1.846597672453604844e-01,4.121462322082922181e-01,5.256904207659797157e-01,5.244413417674516076e-01,4.077801540302350425e-01,2.327360535600364877e-01,5.351473686782057815e-01,5.533491414198483671e-01,5.403401482154389646e-01,5.559240794238520245e-01,6.247203499754280104e-02,1.066501235810011217e-01,4.645425366343560597e-02,9.453376523931852904e-02,7.400500822234212794e-02,5.231649173835838107e-02,6.709889125438828206e-02,7.216217260767869568e-02,2.513905702642742560e-02,9.597124713760958603e-02,1.927779839266176645e-02,2.534371053071932112e-02,1.643964796458304845e-01,1.850692316556294681e-01,2.040030301025010373e-01,1.075862845449662292e-01,1.767700083096055211e-02,3.028277713013454928e-02,5.327380691528516704e-02,2.277022057971789248e-02,8.505171035390994561e-02,5.488561959743593760e-02,8.918973997987876545e-03,5.175186019011741856e-02,7.901750886603349511e-02,5.464641911665432672e-02,2.064050667056880825e-02,2.362638758199622074e-02,1.835381100089437389e-01,8.887092355458939275e-02,1.166431648256841536e-01,1.844556235413668810e-01
2.608275078087519128e-01,2.262237821116836467e-01,2.672857341248959240e-01,4.556800918632197828e-01,4.367730758371494160e-01,4.269638222133133043e-01,2.378613662877439305e-01,3.562859568059057458e-01,1.160022946576536040e-01,4.095546188866152626e-01,4.020494275888031321e-01,4.663976209518463922e-01,2.250065375410565949e-01,3.311392247515755893e-01,4.013152535337514148e-01,3.352880752177818113e-01,2.912226056106967387e-01,2.605153253159777083e-01,2.957863497882213255e-01,1.438989596670190163e-01,3.101382144629598048e-01,4.639990325027941176e-01,1.319545818119348679e-01,4.236102833607990337e-01,4.304054507696514209e-01,1.954344483962384971e-01,3.518117221203705403e-01,3.889835653335691479e-01,1.179623691114393136e-01,2.024003855938742713e-01,4.432065791508821850e-01,3.670455196415705057e-01,3.800636739131955100e-01,2.975850966503711392e-01,1.626330016080361485e-01,2.146983453810483999e-01,3.620547045323879165e-01,2.242940339799082139e-01,3.384816038903099567e-01,3.694745536021156740e-01,1.915062166060990112e-01,1.719439607395650826e-01,2.582851054832796533e-01,4.287219647295196223e-01,3.956064367639657298e-01,3.071756982041025097e-01,4.092603589355822691e-01,4.308865237098164491e-01,2.532434947155194904e-01,3.305126828826000507e-01,4.473634130787666058e-02,4.671318044631434657e-02,3.110939228475246166e-03,2.742385457170645746e-02,2.912143154406921560e-03,1.095269276789028953e-02,2.306655184716635554e-01,3.374528777308920535e-01,0.000000000000000000e+00,1.881597183712300780e-01,2.663413633292736060e-01,3.880258995543578449e-01,4.654193244122040163e-01,2.773382271849719194e-01,4.706979509134122663e-01,7.696812326649950242e-02,5.294112831806766645e-02,4.388407542780283221e-01,4.630676876468682313e-01,4.217152749777315357e-01,4.570699066296687874e-01,4.693084518131101501e-01,4.686850813574985342e-01,4.080395838674207853e-01,4.698706587082293606e-01,4.578591812178510190e-01,4.661749044395437358e-01,4.162918557902848260e-01,4.708158153673482338e-01,8.406755889982460428e-02,2.029356910886438992e-01,2.973601555581111833e-01,7.052109256729351128e-02,1.445353406670665530e-01,4.638834519454176908e-01,4.687179119503134817e-01,4.707899972723044724e-01,4.691648115230606653e-01,3.924380563071401262e-01,4.537292739619208648e-01,4.691360923083669476e-01,2.913400287002905209e-01,3.723804704896683387e-02,4.608132114316687011e-01,4.644471616611107745e-01,4.389497925405886902e-01,3.688216048062907260e-01,1.435805316392286812e-01,4.691989440624993457e-01,4.705007532514714486e-01,2.975018852347018905e-01,4.062120991252183289e-01,3.873902157047961481e-01,3.416968059865022056e-01,4.411130777893812471e-01,4.624344831365327368e-01,4.021583868423973529e-01,2.939009172304892226e-01,4.659142062812489105e-01,3.121785319674472703e-01,4.382141492697570473e-01,4.254577473414379307e-01,2.206249359181698122e-01,3.242011225057910839e-01,1.541614463002412283e-01,2.177995865162854205e-01,2.698972106706351570e-01,3.399190803764247093e-01,2.142178169203020899e-01,1.665142219285861425e-01,1.159213644073778804e-01,2.887192292523032555e-01,1.406448075125243946e-01,4.655984848605513315e-01,4.567283960044517532e-01,1.620323048316531234e-01,3.507364383650162232e-01,3.187970806139389657e-01,3.775129973936325878e-01,3.792945492257105422e-01,1.051337707863111287e-01,4.576295918080722225e-01,4.364980958674761213e-01,4.179118104776176068e-01,3.136055715222290652e-01,3.725089149483097883e-01,3.578424238185667905e-01,2.942401513184699779e-01,4.642901686061772226e-01,2.444097794016830416e-01,2.883858485189207399e-01,4.345387446490062144e-01,4.684391851612847990e-01,1.433666988561301155e-02,1.626657404009566599e-01,3.216914474605292451e-01,3.972676186926984987e-01,1.551942613666696114e-01,4.029745194320337176e-01,2.234413787930706885e-01,4.665063285055015552e-01,4.231929386980233243e-01,4.706004830658752081e-01,1.153131096295296198e-01,3.353482496409265767e-01,3.637382063348526540e-01,5.151493272202615353e-02,1.367918508602753158e-01,1.128158776260160534e-01,2.885478813403755116e-01,2.392710725256226231e-02,3.340378877200825963e-02,2.334526113105835771e-02,8.649580326610033232e-02,4.330588584664327723e-01,3.111633819470873696e-01,1.290042085104769476e-01,3.343294473227645947e-01,4.172833257182002042e-01,9.593535366631587846e-02,1.099591039093257144e-01,1.706884143280723021e-01,4.703455041202634912e-01,4.488789541492397284e-01,4.687530095061951951e-01,4.559874101636413046e-01,5.783176774475946857e-02,4.562530312894874096e-01,3.468300156980703708e-01,4.455988661413110008e-01,4.705790371256257099e-01,4.704717198411757506e-01,2.924585077193216920e-01,4.683656488661122608e-01,3.862613440976448431e-01,4.698967813693958329e-01,2.605301054373437286e-01,4.462045710518604269e-02,4.698976573558346637e-01,4.341953052881788455e-01,1.887792585584470717e-01,4.238350114092291898e-01,4.696014140784924296e-01,4.703207147796303889e-01,4.379290165476333319e-01,2.531323721222172307e-01,4.679683180915213958e-01,4.701044941961172174e-01,4.696893812505392174e-01,4.693177063419746164e-01,6.815978218678057921e-02,1.198531870496119950e-01,4.115700772813048192e-02,9.777027325754453213e-02,8.380812835859308141e-02,5.686095969707365139e-02,6.277310423840813669e-02,7.693080716324257606e-02,2.700653294205447932e-02,9.592996050711527500e-02,1.827168545714343700e-02,2.235213444592834206e-02,1.603347092710095956e-01,1.797721669816707557e-01,2.055252089217490252e-01,1.041421698792023842e-01,3.631144990330915229e-02,4.138216027872965858e-02,5.459296016480914143e-02,2.276729000716231494e-02,1.009267613762652033e-01,4.903732606475818406e-02,9.360226214953606266e-03,6.288705777892338034e-02,8.324579636293348572e-02,5.718347708575692578e-02,2.364500255079933499e-02,2.364893179958782801e-02,1.854031087055933169e-01,8.799959966585423066e-02,1.229249271778411201e-01,1.870549570718308130e-01
2.693911967773474636e-01,2.202521236919862957e-01,2.645085183606024071e-01,5.032086228050289822e-01,5.409840272598716027e-01,4.362811612711227638e-01,2.437021251355014351e-01,3.546733803780937055e-01,1.140941972200395643e-01,4.033949652617425108e-01,3.892819703034770540e-01,4.804291775571770118e-01,2.181436890039968601e-01,3.489282130726615305e-01,3.953834334441478915e-01,3.333188809863777968e-01,2.878812155679822404e-01,2.609364021142071555e-01,2.916128132709245868e-01,1.437011248305491706e-01,3.067273187966261250e-01,4.989968651809552624e-01,1.205460679867574880e-01,4.122429367292939073e-01,4.315082563140917316e-01,1.887856269097641926e-01,3.491085755497203569e-01,3.860279209437907921e-01,1.195198425043800805e-01,2.361487546047083275e-01,5.427322155367191314e-01,5.171065546687736436e-01,4.875022947765887404e-01,4.293102990596155411e-01,2.457286026890031227e-01,3.303682055926622230e-01,3.726798683133576984e-01,2.242764066357957331e-01,3.506526627881417779e-01,4.026566468126148712e-01,1.725637822418745193e-01,1.609358906127025812e-01,2.358180648140874580e-01,3.984472933701985187e-01,3.722107444501034368e-01,3.052579802776749229e-01,4.242460537044657198e-01,4.267504235095020415e-01,2.226341310255428863e-01,3.072871539646632177e-01,3.540775278772179818e-02,4.983136971958176259e-02,2.919729764860479887e-03,2.414983861554613823e-02,3.182206314884591849e-03,1.024824182943902262e-02,2.213354982433264340e-01,2.474611519947467198e-01,1.881597183712300780e-01,0.000000000000000000e+00,2.813503799626857482e-01,2.836805280494097969e-01,4.681248940021249250e-01,2.281030064531004153e-01,5.463392724519123833e-01,6.370108516391462250e-02,3.930979733676548404e-02,4.811636539268536739e-01,4.622694085512539242e-01,3.904752156778225625e-01,4.532947853628291335e-01,5.013320102560901992e-01,5.230127267964791438e-01,3.509381451187634227e-01,5.394870256448049961e-01,4.581710686706462199e-01,5.444544037740897124e-01,3.797247180192170890e-01,5.224719630710159546e-01,8.402123720813715890e-02,2.020994795269749622e-01,2.976746276038297889e-01,7.488516445869451699e-02,1.393708796230831992e-01,4.643381530999616813e-01,5.465646899360976363e-01,5.480959210695701689e-01,5.428463921030088901e-01,3.928744718367861988e-01,4.130061995186665724e-01,5.040263662858270877e-01,2.907937968111519722e-01,3.711345601180202763e-02,4.607121574074329318e-01,5.380823775038865442e-01,4.456659511692457332e-01,3.592853466706707466e-01,1.418922646095030216e-01,5.207178260054422525e-01,5.471367545422821665e-01,3.121687142821605310e-01,4.131225881536757516e-01,3.846262437492109498e-01,3.454523020485723572e-01,4.516938447129267287e-01,5.251985139339059305e-01,4.021518366869817340e-01,2.885331092117834895e-01,5.203275775794157232e-01,3.054143929064492835e-01,4.228410527712338496e-01,4.248684528414003458e-01,2.585044003465857276e-01,3.203850577829933099e-01,1.510268244235372093e-01,2.211337194645374704e-01,2.687525206899584185e-01,3.415558141605348763e-01,2.243236022928171980e-01,1.721915620097114463e-01,1.174450713617800207e-01,2.936892808371528996e-01,1.372357394973451883e-01,4.814030036838096160e-01,4.560214207898000138e-01,1.525083365114848766e-01,3.454099748232223877e-01,3.132860812442747611e-01,3.732897783429778293e-01,3.769863657410513769e-01,1.282270537698122492e-01,5.303824488188072506e-01,5.139653993065345094e-01,3.879902616898835421e-01,3.590964920234199775e-01,5.133132934861482921e-01,4.184552368130031175e-01,4.067628276096035278e-01,5.337349912960315246e-01,2.483841022143427613e-01,3.135905616787261763e-01,5.094286262767726559e-01,5.464769150939244868e-01,1.215400180791326688e-02,1.616021247859864285e-01,3.129193455547779057e-01,3.610412812319876985e-01,1.556540110314132697e-01,3.829097344949193849e-01,2.235692090667896759e-01,5.097863505749822277e-01,4.446700388972741891e-01,4.809007721033922711e-01,1.087536065275284541e-01,3.259204940296328568e-01,3.247607139720164460e-01,5.527515636090395146e-02,1.379795468979051476e-01,1.136210948622952549e-01,2.862761617525490521e-01,3.191472496947173054e-02,3.295260328042826092e-02,2.698007127530596683e-02,8.946434296256908225e-02,4.269215484501233115e-01,3.528885877818301875e-01,1.397143552386936882e-01,3.778035461813211704e-01,4.209765731420495039e-01,8.387593422778025221e-02,1.096767849206011919e-01,1.536623689568734075e-01,5.381921992415515943e-01,4.802595632727029717e-01,5.415064395692411603e-01,5.198389510134056035e-01,5.872374767451242483e-02,4.911390540383457348e-01,3.449449371996388125e-01,4.339895550651651224e-01,5.196372082034725892e-01,5.231364892292543756e-01,2.628222371175217287e-01,5.458278220341337139e-01,3.789650549784361888e-01,5.125557027941841648e-01,2.596091867977843859e-01,4.323470761837867882e-02,5.106822501912925416e-01,4.335574489013138688e-01,1.885902471186858831e-01,4.247377702798261767e-01,5.270951974395340356e-01,5.401444989128194596e-01,4.274877860646013605e-01,2.585545678173208350e-01,5.276927194369620544e-01,5.415529972121098101e-01,5.438711621890576220e-01,5.470882104203317331e-01,7.820921345389675317e-02,1.219037901772868082e-01,4.787130787352052858e-02,1.011788505103201202e-01,7.889412917970649308e-02,5.274527766119072036e-02,6.193343439693049096e-02,7.492466840092998348e-02,2.430590091985114151e-02,9.394464312645195436e-02,1.854070716998845042e-02,2.309917795008840230e-02,1.571485774933231994e-01,1.745194678173402625e-01,2.041089838280709112e-01,1.063274520046269406e-01,3.384314799665158469e-02,3.988391878418130060e-02,5.468390439106274314e-02,2.396929970631370838e-02,9.475509720591429597e-02,5.084749762366196080e-02,8.378627366812352664e-03,5.614018107738260460e-02,8.456859091524719652e-02,5.880509670716305148e-02,2.299338084844324351e-02,2.284527400168560179e-02,1.802288091326504638e-01,8.564906954892174962e-02,1.220599397734640490e-01,1.854089912895748871e-01
2.677243832045021477e-01,2.299169112796964898e-01,2.682475528966395961e-01,3.595446229871395172e-01,3.432567015742071792e-01,3.554577201406085574e-01,2.376505346451054657e-01,3.534785097405181986e-01,1.139858708868165676e-01,3.592197706893677789e-01,3.636935005185006342e-01,3.677593521853922409e-01,2.109896772880142102e-01,3.005905182009295795e-01,3.533486854496665219e-01,3.267448761726858275e-01,2.753357581854203873e-01,2.153417769425526040e-01,2.857359531460489377e-01,1.488689265811994900e-01,3.100844153333023878e-01,3.612902143353854956e-01,1.319238898068593735e-01,3.607667127816663322e-01,3.423474911857211644e-01,1.961271289852610511e-01,3.586714596022456125e-01,3.367321338520071761e-01,1.156354917391073378e-01,2.376286014165820137e-01,3.128743080045461311e-01,3.126770940799742382e-01,2.980629320809476401e-01,1.683906616983325555e-01,2.147349137856373880e-01,2.350754814350638766e-01,2.751428813506932580e-01,1.532163825570697357e-01,1.634747761510691733e-01,3.140419970093453195e-01,2.116337749284816772e-01,1.849900628557561433e-01,3.035529870407318587e-01,3.388180609406918342e-01,3.440997876783670750e-01,2.675186974538612539e-01,3.054180004911961066e-01,3.531047671121624321e-01,2.491116656542598229e-01,3.274734713195254221e-01,5.013108643044638518e-02,5.244674202277857522e-02,5.656307875084220539e-03,3.008398084529436550e-02,4.505710101438563722e-03,1.121341225592807286e-02,2.530553303271525500e-01,3.393689770507103964e-01,2.663413633292735505e-01,2.813503799626857482e-01,0.000000000000000000e+00,3.502862525385854187e-01,3.524650393564880413e-01,3.019603007412841045e-01,3.481630746520513187e-01,9.704723123745112590e-02,6.185747341029220608e-02,3.599921119604701514e-01,3.629568865337536865e-01,3.651429507224719928e-01,3.628777682556133533e-01,3.649059150907594806e-01,3.251667479528611571e-01,3.678915874695872223e-01,3.663917052355186721e-01,3.394349451309621735e-01,3.677062009982416946e-01,3.673834380167878000e-01,3.694721249972133248e-01,8.655270451953370192e-02,2.064610311362221062e-01,2.976325505311003261e-01,7.410022570084795479e-02,1.460856989162038488e-01,3.681650659194947162e-01,3.681221294631923380e-01,3.649539336825440294e-01,3.667409671867542520e-01,3.674401500964488698e-01,3.597873394410063819e-01,3.404412263639019498e-01,2.862536314886776623e-01,4.366965724509459107e-02,3.656352637992315024e-01,3.617196517320898086e-01,2.859826248257020254e-01,3.599575575822985263e-01,1.424681424158413812e-01,3.562473959672613488e-01,3.491817144478260859e-01,3.065293241212513897e-01,3.503651624222393623e-01,3.648542681414829736e-01,3.470503219995001998e-01,3.373190275980314512e-01,3.601713774925737188e-01,3.561146132628373873e-01,2.936017147697397855e-01,3.586920569877796172e-01,3.069503674951178929e-01,3.640190710898416060e-01,3.649983993764422952e-01,2.766001430563861940e-01,3.188085224474146995e-01,1.403954177915441859e-01,2.185145469981298327e-01,2.630110590204343679e-01,3.392522486456049924e-01,2.108896599500134639e-01,1.318205873657773142e-01,1.091813305086149349e-01,2.944369056008278585e-01,1.408241480542659074e-01,3.606385374122623166e-01,3.649875181813117542e-01,1.592576510236187459e-01,3.405295144970991728e-01,3.203443330616448925e-01,3.569833100934164949e-01,3.566893718762214061e-01,1.338729565213703510e-01,3.194272976773041006e-01,3.270418679078905266e-01,3.260854573905158649e-01,2.601341212476750986e-01,3.174929824821671742e-01,3.179701508491843409e-01,2.745960972891119400e-01,2.877288826855364245e-01,2.284106906927752534e-01,2.318470153608244433e-01,3.249514271324024373e-01,3.343236690841391856e-01,1.547962012245014153e-02,1.613594863720858863e-01,3.324458182875852930e-01,3.410743868707348803e-01,1.384803460543441167e-01,3.451080312092486557e-01,2.012211934439239458e-01,3.514754598897106286e-01,3.627240579933679321e-01,3.599065444364965005e-01,1.155211607208939950e-01,3.340734510882792385e-01,3.640219419826080660e-01,5.423184658610310377e-02,1.374105587908583392e-01,1.132713093826002576e-01,2.895596464688142690e-01,2.671936703003417041e-02,3.247060490930876037e-02,2.574450743664673594e-02,8.314024617040198517e-02,3.608578565485478507e-01,3.284067023691386034e-01,5.901745741510212862e-02,2.997952600148304780e-01,3.583777539421587055e-01,1.023059935501593049e-01,1.103994458727707711e-01,1.868776362539778801e-01,3.664233186823029897e-01,3.671152518078654170e-01,3.499572883943685708e-01,3.321981675631354158e-01,6.728289149285708592e-02,3.649597606358790935e-01,3.345710954923299951e-01,3.550530709269235641e-01,3.670500107616002650e-01,3.661204661984341913e-01,2.931648909558398630e-01,3.589949017383843310e-01,3.442295336091453772e-01,3.679944891605361201e-01,2.632660335993111111e-01,4.579974943933892706e-02,3.620222005506628649e-01,3.680124058827068390e-01,1.765725053914882492e-01,3.641331959850709898e-01,3.503441089302957723e-01,3.474344964287806592e-01,3.576780050332390992e-01,2.507788325363582982e-01,3.583553414516486013e-01,3.618407184828477674e-01,3.563421695453511395e-01,3.476064320386240136e-01,8.005298338862849861e-02,1.216670403902396225e-01,5.167225073410194186e-02,9.950630534783728998e-02,9.158191489709925637e-02,5.230447106808600727e-02,5.931954535370780740e-02,7.166199728140293379e-02,2.631258776015571801e-02,9.537710254649064967e-02,1.877935073135075100e-02,2.421536054724632639e-02,1.622256960404085402e-01,1.865933497835684240e-01,1.965241924049747069e-01,9.989392542643320272e-02,3.519509953806921471e-02,4.253691552488844674e-02,5.974674933492434697e-02,2.332987380529609467e-02,1.010499865228379895e-01,4.741945269640097937e-02,5.548987747297746270e-03,5.197003372025779666e-02,8.483466724268026726e-02,5.852672521773528286e-02,2.472039935307952449e-02,2.335199131737425784e-02,1.871044400259612994e-01,8.868264420503628453e-02,1.188406234809079032e-01,1.731419654094719096e-01
2.791495121338238850e-01,2.220238311437384426e-01,2.442098732002821460e-01,4.899142960299897043e-01,4.893783269153929028e-01,4.383108628991956301e-01,2.453383485352499949e-01,3.559870332510653990e-01,1.126188125850068611e-01,4.040332293506853634e-01,3.857824700817489294e-01,4.798407438541519854e-01,2.144577011314144632e-01,3.587157996347983269e-01,3.965111730087548247e-01,3.325240521026914253e-01,3.008091121644526078e-01,2.689852579816593425e-01,2.926459571434044671e-01,1.405624181611503654e-01,3.030847176004511923e-01,4.871921928284277392e-01,1.221923933672997564e-01,3.990323687806549557e-01,4.377074301171042792e-01,1.944728156494000826e-01,3.467675631650184997e-01,3.867671295177685931e-01,1.188240169248897526e-01,2.609701458316192046e-01,4.898780319726865340e-01,4.884249413569503040e-01,4.839376459688514154e-01,4.770296913248261439e-01,3.201855440478373338e-01,3.918736817430067965e-01,3.986473486932243238e-01,2.326846706611064297e-01,3.940658074571589675e-01,4.425148458183900679e-01,1.610077079407801204e-01,1.537074972012372198e-01,2.161090116397182126e-01,3.717344631912884445e-01,3.417437107383879402e-01,3.078189444134848962e-01,4.088281229567213293e-01,3.651530527664878512e-01,1.535073350145622351e-01,2.278770398398298758e-01,2.823586567142415127e-02,4.832972972905701103e-02,4.624612651247645388e-03,2.611436567791092581e-02,4.481474193058505862e-03,9.845857087141649325e-03,2.744902225414965757e-01,2.996968941735880243e-01,3.880258995543578449e-01,2.836805280494097969e-01,3.502862525385854742e-01,0.000000000000000000e+00,4.516377545452049946e-01,2.501961491421537120e-01,4.910985898658311588e-01,6.121402410333997429e-02,2.349402786467318788e-02,3.383108357475643202e-01,4.058229423240098388e-01,3.029516893726849069e-01,3.684019351831093192e-01,4.524502920603892253e-01,4.836247993310280879e-01,3.600687523680334290e-01,4.519766274588454258e-01,3.892059138264678531e-01,4.893811856998767085e-01,3.378068410999229831e-01,4.723885033939498879e-01,7.328972889967394488e-02,2.019246861651545766e-01,2.618461058946044417e-01,7.593028087729009057e-02,1.323091436557981837e-01,4.583244278997221088e-01,4.903504246489649998e-01,4.901636969878983563e-01,4.865585256699657135e-01,3.592060935505583252e-01,2.433057086822737192e-01,4.844275449648521303e-01,2.789588230999249241e-01,1.574733312143730690e-02,4.539519676945790727e-01,4.510963085349622426e-01,4.604173085580812175e-01,3.539332773435439061e-01,1.470410268800370346e-01,4.903639093413798555e-01,4.897989129978437828e-01,3.179176681558358308e-01,4.123682758125170600e-01,3.910420000546328545e-01,3.445380524786894605e-01,4.560629202734656218e-01,4.869778238836778295e-01,3.993954938683499933e-01,2.946178938931615088e-01,4.776067973528835275e-01,3.087740232758795500e-01,4.243358820578470580e-01,4.235647700594648013e-01,2.961449634426711608e-01,3.176360112743836783e-01,1.490793488945066081e-01,2.183572151865849909e-01,3.000443020167511965e-01,3.389812300247334598e-01,2.312943826685517623e-01,1.738126503852552296e-01,1.235664924584699564e-01,2.928173250699425689e-01,1.327160622932822276e-01,4.818821905439318320e-01,4.570204540655611880e-01,1.471466497021284014e-01,3.436021797246713860e-01,2.945261405253442044e-01,3.689203291828127562e-01,3.697636281903545763e-01,1.535917951231540457e-01,4.878343498762507391e-01,4.885761419771850189e-01,4.546055746017372279e-01,4.473537192245116145e-01,4.888409725729219168e-01,4.567166724008521195e-01,4.829663514327990348e-01,4.895042617763649129e-01,2.691185124767660475e-01,3.452069334264130096e-01,4.621550172208276352e-01,4.814568854240768303e-01,1.481809114324526659e-02,1.590081218012956432e-01,2.818624662191361319e-01,3.424856705930686696e-01,1.571020202177476344e-01,3.803030639528867662e-01,2.246972326897379302e-01,4.776696835527484697e-01,3.232084519488884755e-01,4.790986363605347353e-01,1.025242735528500426e-01,3.184510482685475319e-01,2.896758600877997747e-01,6.091097102682253156e-02,1.440155297146067936e-01,1.140656446067242619e-01,2.890813865483674583e-01,3.961481153371979036e-02,3.432825235463387442e-02,2.689248860421552742e-02,8.729237647060149319e-02,4.373976084632095196e-01,3.765000172954542368e-01,1.788746529662051665e-01,4.398153443055427547e-01,3.794944424038846353e-01,8.671448028966131927e-02,1.112489153081299281e-01,1.499934414925646053e-01,4.663760364950992887e-01,3.813056324055809077e-01,4.811690067009216643e-01,4.783784653622634719e-01,5.676688126208764840e-02,4.319909064232413387e-01,3.362614476949210007e-01,4.051688964570486773e-01,4.850122174655782104e-01,4.816464923600654591e-01,2.754422713444219517e-01,4.842121409518654884e-01,3.743540976771320694e-01,4.789177805164127610e-01,2.455226582169084126e-01,3.722100153919517124e-02,4.796004914484735537e-01,4.339824151080026171e-01,1.788831164018540865e-01,4.278053746276734848e-01,4.870544575358254913e-01,4.894792914036642517e-01,4.336965952107648126e-01,2.599868678079200746e-01,4.567550822860464432e-01,4.668591087106814808e-01,4.854123253208810218e-01,4.811029461656952111e-01,8.090545837194325351e-02,1.188291967591177251e-01,5.283963380375075042e-02,1.023314462774458922e-01,8.243075193214514929e-02,5.596204903825933302e-02,5.694942580121988007e-02,7.791450340280377251e-02,2.419406279556176112e-02,9.295325270933904593e-02,1.981333775391206156e-02,2.265735591308848038e-02,1.586795790328603128e-01,1.668419220162068450e-01,2.000249910754531846e-01,1.058941516176952202e-01,2.641158025873136667e-02,3.728615147499583782e-02,5.588029809252974961e-02,2.202430973180363044e-02,9.040300868947581669e-02,5.095691158468255294e-02,4.642325808897199320e-03,5.598337804646372207e-02,7.755257019338557267e-02,5.645673473090428302e-02,2.146854039377494791e-02,2.227653969153502514e-02,1.648919195679672545e-01,8.245390232034273403e-02,1.127695579256991348e-01,1.815329626543825681e-01
2.652342622533315208e-01,2.126452103279344030e-01,2.723607311868285197e-01,4.731611915454304595e-01,4.820906262394461517e-01,4.306625362194211326e-01,2.459746420423275792e-01,3.544669544764995073e-01,1.128053077651899050e-01,4.087789368450229777e-01,3.967508401333031398e-01,4.786081026549159900e-01,2.197920916226242527e-01,3.575162932430809848e-01,4.080989366182035116e-01,3.371996693436122294e-01,3.035534178599711974e-01,2.698428463068526240e-01,3.068389081971353294e-01,1.536487294496970968e-01,2.705134349585641695e-01,4.479223346968472796e-01,1.307975355854900101e-01,4.326398551851379781e-01,3.932174788333318571e-01,2.221879831168589725e-01,3.492885767074941916e-01,3.768649006189623840e-01,1.064853625314318430e-01,2.543073460171715316e-01,4.687862628809753018e-01,4.665711301190917371e-01,4.542891442784606215e-01,4.737987287321389629e-01,3.347518408943326307e-01,3.952844267762412600e-01,4.046806442984409169e-01,2.243148618425854779e-01,3.529239613977783185e-01,4.852698461709217259e-01,2.174846140762713154e-01,1.756173394658308573e-01,3.624484191995925308e-01,4.334141807148416681e-01,4.096308009237755732e-01,3.132918130401260437e-01,4.841891759803567674e-01,3.822196725223681035e-01,2.551881420222510410e-01,3.355782625867593238e-01,5.202989534597373539e-02,3.102948036878340823e-02,6.494128984612207792e-03,2.526551423024456233e-02,3.642080400794690202e-03,6.657221143386675422e-03,3.545981872629894172e-01,3.546880587025518783e-01,4.654193244122039053e-01,4.681248940021249805e-01,3.524650393564879858e-01,4.516377545452051057e-01,0.000000000000000000e+00,1.402342311722753199e-01,2.412184954420780458e-01,1.065531652431528226e-01,4.734538410242974948e-02,4.374337266350485920e-01,2.614735635132097169e-01,3.545283771792147043e-01,4.012489400665751327e-01,4.843027230824107354e-01,4.628620940816395857e-01,4.086661556270502205e-01,3.385608252143655350e-01,3.113183698351220108e-01,4.285648219294846406e-01,4.192199481147714235e-01,3.799240825781971531e-01,8.385661364706774312e-02,1.918458737763868993e-01,2.976304363782241724e-01,4.103709240673995839e-02,1.212468372665781308e-01,3.412313129448164561e-01,3.004593092801569609e-01,2.796275337807251904e-01,3.949140184747712556e-01,2.703369078899541811e-01,4.266419999768193971e-01,3.790468446912321210e-01,2.350831583065339514e-01,4.005823493847270045e-02,3.075237694227784258e-01,3.058061112719314134e-01,4.456730969885772664e-01,3.552355835911910620e-01,1.472118293998818939e-01,3.003751833117807024e-01,2.566625254006017487e-01,2.968613358463886853e-01,4.101673368007412446e-01,3.731077430211496848e-01,3.336382192410214942e-01,4.517275713141758464e-01,4.801970779144235646e-01,4.039181372725741959e-01,2.944756282746328613e-01,4.833074624794672092e-01,3.096173078150690205e-01,4.343759009738594745e-01,4.268196689171043778e-01,3.157783242875331076e-01,3.166064804826896895e-01,1.571002978766307678e-01,2.151175837100111343e-01,3.181688150912280189e-01,3.396228975748204482e-01,2.327638259533589271e-01,1.740366912123670895e-01,1.278940766200742929e-01,2.967985262722728779e-01,1.410367727794817894e-01,4.280609373895459258e-01,4.048297732758645573e-01,1.594814298549822595e-01,3.541422325960852935e-01,3.101961923105952534e-01,3.724931097195510188e-01,3.734088352015998979e-01,1.618117060705755450e-01,4.759543630439268536e-01,4.621253611242538972e-01,4.614412605142005352e-01,4.886054197069341631e-01,4.805823881916149176e-01,4.865685409252306637e-01,4.871129622220036759e-01,4.856653977283216239e-01,2.747127310895538521e-01,3.469088056680847965e-01,4.869536538445291551e-01,4.566344030958698341e-01,1.667964681811519995e-02,1.572454143829816742e-01,3.279567036804788005e-01,4.150968942000745621e-01,1.568389658768241934e-01,3.988030531470432849e-01,2.257356131696680590e-01,4.888472707205410717e-01,4.728509812468937867e-01,4.768000681768335691e-01,1.169056057271497667e-01,3.347199308279825702e-01,3.731104726354471657e-01,4.788343054480597577e-02,1.343457137454554806e-01,1.058555730933110062e-01,2.866518545176069410e-01,3.290622063158328559e-02,2.942654321558622194e-02,2.854878362795916849e-02,8.528315477025269487e-02,4.554709803764607767e-01,4.882795609801995340e-01,1.885432214358279401e-01,4.734518815271171466e-01,4.405905095384725079e-01,1.003394696383436979e-01,9.074637481496386493e-02,1.724057054903773423e-01,4.732735762764638809e-01,4.883360036281905736e-01,4.684330263537195838e-01,4.347651892141462526e-01,5.907176786054774836e-02,4.789373119021035907e-01,3.479038648240383447e-01,4.578483529981646760e-01,4.864498693087445647e-01,4.614450405780841646e-01,2.940634697864053515e-01,4.629433192122698326e-01,3.699492166711583763e-01,4.780621576580333376e-01,2.620938597656503055e-01,4.244589661647028833e-02,4.640907903534874368e-01,4.011168946345655129e-01,1.650725915698709190e-01,4.044016336707216830e-01,4.619529881363584334e-01,4.551487466341200827e-01,4.227902505892504603e-01,2.487416162825099031e-01,4.378160646041689419e-01,4.488890624637803528e-01,4.481367149478904244e-01,4.633515925197751462e-01,8.170074314450932740e-02,1.230760309472302555e-01,5.240822505673071313e-02,1.018865864391061277e-01,9.468763597814852662e-02,5.563096780549686704e-02,6.621454061739705244e-02,8.246295211095772126e-02,2.631337669732258105e-02,9.872828163179848959e-02,1.897718961201341412e-02,2.629240167583012100e-02,1.674360178925483611e-01,1.897362917338260291e-01,1.977532615627440316e-01,9.028542485228055470e-02,3.336904922374048926e-02,4.121909705638258231e-02,5.956103711092840952e-02,2.321773967885728401e-02,9.910514095327124795e-02,5.529326208944361498e-02,5.220613120222389152e-03,5.617063693013849002e-02,8.260453909067048961e-02,5.933987546661462220e-02,2.345275595877971062e-02,2.279037502367756152e-02,1.873371680483612856e-01,8.910443597895341405e-02,9.493048726436212337e-02,1.467776646426102727e-01
2.669391931422844255e-01,2.271974430489502594e-01,2.591399468876148804e-01,3.428179365787888955e-01,3.428028587821978501e-01,3.355195114596161154e-01,2.335895154699698939e-01,3.544584043125579287e-01,1.111793339775752898e-01,3.473273990364738051e-01,3.498180113967444549e-01,3.579794925711977105e-01,2.235093006684236439e-01,3.540350104276000498e-01,3.526412959744944509e-01,3.360349383309000348e-01,3.039397370855264069e-01,2.683484535479941369e-01,3.061526885232560002e-01,1.542599457910009686e-01,2.976075979237073343e-01,3.527137617807152292e-01,1.283559183321759389e-01,3.482533918183678412e-01,3.432981180546396671e-01,2.168978161875922128e-01,3.302548479317558572e-01,3.317633531367976674e-01,1.147325066264184290e-01,2.379299695378692681e-01,3.457888493294060672e-01,2.961074708213545237e-01,3.010820479492556934e-01,3.092468430950081615e-01,3.219162502775157475e-01,3.465244632142323589e-01,3.587755107316230596e-01,2.282085388179196650e-01,3.230570261080791261e-01,3.541001736972371194e-01,2.092602383884908102e-01,1.843859763206776581e-01,2.272069373888576382e-01,3.578269577965964565e-01,3.517709072115596247e-01,3.111555857250611901e-01,3.408170613398094351e-01,3.375496683356438155e-01,2.484566691867245436e-01,3.311011334212726753e-01,4.754461519768359012e-02,3.159761774442769455e-02,5.824386253416738088e-03,2.502882332437605245e-02,4.128575421141283085e-03,7.828664945678199746e-03,2.969574679381405957e-01,7.955441257255961574e-02,2.773382271849719194e-01,2.281030064531004153e-01,3.019603007412841045e-01,2.501961491421536565e-01,1.402342311722752644e-01,0.000000000000000000e+00,2.859257128703381889e-01,7.923268701781392698e-02,2.832733114450250791e-02,2.809550973548291530e-01,2.508422537893305049e-01,2.409750768795873022e-01,2.898253434583054622e-01,3.529939669084755094e-01,3.527496588864024729e-01,3.533021455395626287e-01,2.840777877802220241e-01,2.076737995304934192e-01,3.461234850309547473e-01,3.493381144632147772e-01,3.201732188957974179e-01,7.656355921137235343e-02,1.982131833774966878e-01,2.956685455714230248e-01,6.020085200687323029e-02,1.166314393753939277e-01,3.470725099636817190e-01,3.219469191619698245e-01,3.163675297115728924e-01,3.379247106486764629e-01,2.868274012541350282e-01,2.737636766111071207e-01,3.330855214146362098e-01,2.679575013173527420e-01,3.146413080200093082e-02,3.115622284445894730e-01,2.771133726858643342e-01,2.869799043454931420e-01,3.438383324918989348e-01,1.275776898716995955e-01,3.092900512751911024e-01,2.971467305985500129e-01,2.903539484360432299e-01,3.580782790606948929e-01,3.479355824375193751e-01,3.433393047273231025e-01,3.536919378755146726e-01,3.501113940496026755e-01,3.481650644582381937e-01,2.899757683584449630e-01,3.476714376220472746e-01,3.008173370681625491e-01,3.515678771503141786e-01,3.583978021601742503e-01,2.968199584797225343e-01,3.106161615024935485e-01,1.529362671984874078e-01,2.142751008793560563e-01,3.203802594881624555e-01,3.384070883865490376e-01,2.322927293145507222e-01,1.739776480686482940e-01,1.264758565227677156e-01,2.961911297459222658e-01,1.409039777215629341e-01,3.476155202839575353e-01,3.507861567595418895e-01,1.610594303600415278e-01,3.506935027368763835e-01,3.164906563006558149e-01,3.454534459164386728e-01,3.323887602336251246e-01,1.428691310745221210e-01,3.447988732484058572e-01,3.088821440970060950e-01,3.303896396409539138e-01,3.374998574983699151e-01,3.243086340482607688e-01,3.521145262990160729e-01,3.391014713167511130e-01,3.577379167157871409e-01,2.762330122050655201e-01,3.445281253301896163e-01,3.591130682458515966e-01,3.557977685478447838e-01,1.516148464241167705e-02,1.632127563734131759e-01,3.342565874685509142e-01,3.516228220360591572e-01,1.561966834080315558e-01,3.589395832159592015e-01,2.240758137052998034e-01,3.578044953149076002e-01,3.548515781143014580e-01,3.577043040859086975e-01,1.164818808534809763e-01,3.372358876247161796e-01,3.540330246711544393e-01,5.046878882380909787e-02,1.355667967587754208e-01,1.076564596316622879e-01,2.891664791611073815e-01,3.109542621354811215e-02,3.149527180093109752e-02,2.791350539044339801e-02,8.533437397132162539e-02,2.767941306240611632e-01,3.195745484782033796e-01,1.757663267205693269e-01,2.764496554102714998e-01,2.341351486938461346e-01,1.021519803053967113e-01,9.446622241550046983e-02,1.373239290937373347e-01,3.455841639476996963e-01,3.399988557051226157e-01,3.494147182797994189e-01,3.011270845972433552e-01,4.652724760957455824e-02,3.446384531267527862e-01,3.495245484770611033e-01,3.377929839359779529e-01,3.588169331304837950e-01,3.438726988788301520e-01,2.939752993740427645e-01,3.558140928662379410e-01,3.155648972024388543e-01,3.520080600038301144e-01,2.661859275098651390e-01,4.603788173158125663e-02,3.559560422546674263e-01,3.516703758172234351e-01,1.871509347706412918e-01,3.496271171044459947e-01,3.516753435679390583e-01,3.320161489152879120e-01,3.453763475578619513e-01,2.402914241145161778e-01,3.591799060865515925e-01,3.593859474026886991e-01,3.425111280439551154e-01,3.548056556128841299e-01,7.517386353986141301e-02,1.186609153774941666e-01,5.062318457800289717e-02,9.899523202547871881e-02,8.973278195751763220e-02,5.131787954249757144e-02,6.333646250212150719e-02,7.829601497594418369e-02,2.649746323112985025e-02,9.637864704308984898e-02,1.870087059049825237e-02,2.544443644980417737e-02,1.657962423399034491e-01,1.874734047803427173e-01,1.966586082886404852e-01,1.001116165685514009e-01,2.780593841486136975e-02,3.618371486413056448e-02,5.458049955553907762e-02,2.368142979768652831e-02,9.568817138990433346e-02,4.973847324545149079e-02,6.109363989653297279e-03,5.421041759015291644e-02,7.938826963376303947e-02,5.871628880038653325e-02,2.266573874469364133e-02,2.398563618276237236e-02,1.816904159852687217e-01,8.790103807824904691e-02,1.074158258214012868e-01,1.715798048951034105e-01
2.695189305102870247e-01,2.163114303740692745e-01,2.769260154787124284e-01,5.053492086498684310e-01,5.729648219318498326e-01,4.375398147482708056e-01,2.488299709247703828e-01,3.564315416648896062e-01,1.149586980509534340e-01,4.135854658596123112e-01,4.016949507440900069e-01,4.792645543039407152e-01,2.094604982544237826e-01,3.441179212318126734e-01,4.096295548381871376e-01,3.355531365936973431e-01,3.047259831863257662e-01,2.588658905666807453e-01,3.065747384058791769e-01,1.527513442428552193e-01,2.465211290084067530e-01,3.706900554784985924e-01,1.233998112436643091e-01,4.212697535895382206e-01,3.439464558186934862e-01,2.169400240633355403e-01,3.443568811287066045e-01,3.448004119447645732e-01,1.068969902001610933e-01,2.610218473789980287e-01,5.698668425731531206e-01,5.935627886843287682e-01,5.943008689388585841e-01,5.908366190535520035e-01,3.298813091667299746e-01,3.867532443175905610e-01,4.051719141909990718e-01,2.324826828401573564e-01,3.110492694077898745e-01,4.930103548281785653e-01,2.187978789269071911e-01,1.762745499930380710e-01,3.754951131041560641e-01,4.276747419486728319e-01,4.003209896852139571e-01,2.968055990691442214e-01,4.757721490664647002e-01,4.008954638879599908e-01,2.621633475390044987e-01,3.328723321565797977e-01,4.691042020087265313e-02,4.802867811757566274e-02,5.635404626191373167e-03,3.411535817886900829e-02,6.630450460684440654e-03,8.687142914515767061e-03,3.476852580502774459e-01,5.846354446829872265e-01,4.706979509134122663e-01,5.463392724519123833e-01,3.481630746520513187e-01,4.910985898658311588e-01,2.412184954420780458e-01,2.859257128703381889e-01,0.000000000000000000e+00,1.082230997934506000e-01,6.241062985876146690e-02,5.742344320118931700e-01,3.840247080642811284e-01,4.362927449020704285e-01,4.756868048336932442e-01,5.933097661346949936e-01,5.564460511980838797e-01,4.112991280672964600e-01,5.479909959189089852e-01,4.158458997747274122e-01,5.760813139100553482e-01,4.202908669832573496e-01,5.584385625024435029e-01,8.628224381959111178e-02,2.032380038365443065e-01,2.971083820535521114e-01,3.537970393029941235e-02,1.404088700203678097e-01,1.953247609896870962e-01,2.125389722885468735e-01,3.243008432887946046e-01,4.619020847558865106e-01,3.011512690993127794e-01,4.776349982729786170e-01,2.286947158821609760e-01,2.436044896802861681e-01,4.333745324784638725e-02,2.714776419704469368e-01,3.322508260136941005e-01,4.748910800141318833e-01,3.687789733610307152e-01,1.586278909574602713e-01,1.938189760541759454e-01,2.494526291585575095e-01,3.114017127819808661e-01,4.012910254926636555e-01,3.808560953222283052e-01,3.335301163860802665e-01,4.518153249629126011e-01,5.244603511188733469e-01,4.088161499021698009e-01,2.984943761952807972e-01,5.294105477764068368e-01,3.170154098637928963e-01,4.384808622603006967e-01,4.277475080447122324e-01,3.044197961183596202e-01,3.178543805425204094e-01,1.554799493723378612e-01,2.138527034280303107e-01,3.200241749100251609e-01,3.376783539615947349e-01,2.297646039347880365e-01,1.705584672869060181e-01,1.231431391495635130e-01,2.970553474579666897e-01,1.416477471731093229e-01,3.713561530318926773e-01,3.031592210758934369e-01,1.521296105063487947e-01,3.351021605600004727e-01,2.824084059302365279e-01,3.536815804801659024e-01,3.680397834984441285e-01,1.680783397496749543e-01,5.956243835512446960e-01,5.795789218216126359e-01,4.631836675021821503e-01,5.922266852099448142e-01,5.986392426910368547e-01,4.959233074336217850e-01,4.867799909443459860e-01,5.902417417371866870e-01,2.774744096266663629e-01,3.375510608958911529e-01,5.533249574154096573e-01,4.511321559731173436e-01,1.627296095311133936e-02,1.400885544651379599e-01,3.336574558702596338e-01,4.134390785891003395e-01,1.560122506654312846e-01,3.864273147664031849e-01,2.248671827150267866e-01,5.279889223647843410e-01,5.535948728219342030e-01,4.786480990360471588e-01,1.162944392077225053e-01,3.374043173929533457e-01,3.563007814181702870e-01,5.702144565156583994e-02,1.416291852554305564e-01,1.157813837178172933e-01,2.892628821861614186e-01,3.682117946069681652e-02,3.028864903176242684e-02,2.876763718104009826e-02,8.787854595835058180e-02,5.764228128165373999e-01,5.970244353721936292e-01,1.877758178368093556e-01,5.168453981074264680e-01,5.976697513080564406e-01,9.594336600686961813e-02,1.046489014450473626e-01,1.873572397216837770e-01,5.851774121579584875e-01,5.742265095675853637e-01,5.411258858230212354e-01,5.800324489937384032e-01,6.680701698410927702e-02,5.465924736270699746e-01,3.421220535322198608e-01,4.599924840083681188e-01,5.955605998179276384e-01,5.991012334305010345e-01,2.910464328049325311e-01,5.813588153241249223e-01,3.935126282872224435e-01,5.371083780720575795e-01,2.590181707717824633e-01,4.229945267430747224e-02,4.921624388489782009e-01,3.940216160358026021e-01,1.560099207671348798e-01,4.105066168753522815e-01,4.856050865915917392e-01,5.868938692704309679e-01,4.371767349853554752e-01,2.606033687181525949e-01,4.233910951512242504e-01,4.519423829885407251e-01,5.583367122956620632e-01,5.227881627200045012e-01,8.635924180408480200e-02,1.229890385510027523e-01,5.258690341277535985e-02,1.039893409906618993e-01,9.302541523674799639e-02,5.995233525483970732e-02,6.653431216584988761e-02,8.556999059834385912e-02,2.781108883420033151e-02,1.006890336275073211e-01,1.903778333481174340e-02,2.529014645951454740e-02,1.666110671545230626e-01,1.895784919878510666e-01,1.961492973000350248e-01,9.835205700421091601e-02,4.064004520574879264e-02,4.328111350818045905e-02,6.094331814227541694e-02,2.454348939925616452e-02,1.065144513909425800e-01,5.691923127420323025e-02,7.130973176904827245e-03,6.250745864704311539e-02,8.499968346729150359e-02,5.950947126384604352e-02,2.492898580373564127e-02,2.375345324699281932e-02,1.896920786589817165e-01,8.803275654573387843e-02,1.003203016831421268e-01,1.570942868683242177e-01
1.015008653292081564e-01,1.053784823072747567e-01,9.956314287478142122e-02,1.014970755304945016e-01,1.000988426758395861e-01,1.012752571283916242e-01,9.930858389915099560e-02,1.049532914548319817e-01,1.036797682125097514e-01,1.016724728348128298e-01,1.018168542760001516e-01,1.075094801946326062e-01,9.035970733274376054e-02,1.001264282956603469e-01,9.709047467620553207e-02,1.016149996806177125e-01,1.018907479829631174e-01,1.041222771962072580e-01,9.986918994678380124e-02,9.868399887954444616e-02,9.918798429744660194e-02,1.056888687016817041e-01,9.268853870932293459e-02,9.298385564330204078e-02,1.020010617812041470e-01,9.550431470997307326e-02,9.675432060501526488e-02,9.937906865624390740e-02,1.069675110629755149e-01,9.943773454753997154e-02,9.883018510852725758e-02,9.987276518584960183e-02,9.385843266616275549e-02,9.220406746116910357e-02,9.703598122347951993e-02,9.751328034211712015e-02,9.519862906819717696e-02,1.018926841184473742e-01,1.009433256639425264e-01,9.146385266453473106e-02,7.190373711442804572e-02,9.550240731440406972e-02,6.069459920216362103e-02,7.437817345831644611e-02,8.271423684408370225e-02,1.023585192609428735e-01,8.359447195669811315e-02,1.019898488476154441e-01,8.621124856661435687e-02,6.222168873077336959e-02,3.832948255984873487e-02,5.122742019720043921e-02,4.142603943346248249e-03,3.112724844736206378e-02,4.159724927429707744e-03,9.834164282270277738e-03,7.270301412192847756e-02,6.835040036513312378e-02,7.696812326649950242e-02,6.370108516391462250e-02,9.704723123745112590e-02,6.121402410333997429e-02,1.065531652431528226e-01,7.923268701781392698e-02,1.082230997934506000e-01,0.000000000000000000e+00,5.049323752843983687e-02,9.056066116702897462e-02,1.041982238328537369e-01,9.802508442861621041e-02,9.446676702223906485e-02,9.539421430607160357e-02,1.016293224843062559e-01,8.626328964516220832e-02,1.045363585450863331e-01,9.411174848311588959e-02,1.072115270434881446e-01,6.938645435314763632e-02,1.060326570377693178e-01,7.222956252885792683e-02,1.000974340207286956e-01,8.234926581022167236e-02,7.674913198029917338e-02,1.033639959301541483e-01,1.036725804286355440e-01,1.077104460405790554e-01,1.075707017287419603e-01,1.071522917380516166e-01,1.038418428431761437e-01,7.551634442433913241e-02,1.071218403143246040e-01,1.034907993035191209e-01,3.457085870772247382e-02,1.085849595503824566e-01,1.035149333264034077e-01,8.528522457703345550e-02,9.720424804057112289e-02,9.295253584664456281e-02,1.078293946903123718e-01,1.080206297618361982e-01,1.021140986716103372e-01,1.022619596676273279e-01,1.008656639799630217e-01,1.059604797499655998e-01,1.023708572987487714e-01,1.022148791356874004e-01,1.021544169086188031e-01,9.960422137638247353e-02,1.019371238930253804e-01,1.000396147553688914e-01,1.038114077841640615e-01,1.051514601777192304e-01,9.162227202130589221e-02,1.016947206317462965e-01,9.336702018872174158e-02,1.063303578526968024e-01,9.415932357576675682e-02,1.065812925009723272e-01,1.037727855598866711e-01,1.070020141877212200e-01,1.037346886268087492e-01,1.009184404482804387e-01,1.008987454968146708e-01,1.070938539754281993e-01,1.087689543108311674e-01,9.443306318248047282e-02,9.138738531787019004e-02,1.001901869058910016e-01,1.001956325430180678e-01,9.824696820276117293e-02,9.372508854000467793e-02,8.872571149976456184e-02,9.827162143559187157e-02,9.626052237733132011e-02,8.303635976298427701e-02,1.039269751013290055e-01,8.956930444826230464e-02,9.910044664281725257e-02,1.009470610486369324e-01,1.015979694645240822e-01,1.004968660366767075e-01,9.389599619985246337e-02,1.083066187596070651e-01,9.349668455551771867e-03,9.749184037934584268e-02,8.288156076213330781e-02,7.771868365967862791e-02,9.986138874879896266e-02,8.897268802456048675e-02,1.059626809369939582e-01,1.002873903550300927e-01,7.408169355005292389e-02,1.077665184674148902e-01,1.061308801065134894e-01,9.972932492437956709e-02,7.310191500231102979e-02,6.100724138774067662e-02,1.007947253761150574e-01,1.041487602281973845e-01,1.072169439710605882e-01,3.543808507214725456e-02,3.177488359511335819e-02,2.622740501028204135e-02,8.777056716903559874e-02,9.326191832588937025e-02,7.426775463850061876e-02,9.878521559352655690e-02,7.874858088308743509e-02,8.909086575892684323e-02,4.747347908157486390e-02,1.052627142321046483e-01,9.531027297636539275e-02,1.034815639924714370e-01,9.415077327577518751e-02,1.084524506174596448e-01,1.053400812522705399e-01,6.434048066601857907e-02,1.047245837407319302e-01,1.046390364041163007e-01,9.128644369718526275e-02,1.032606599813480908e-01,1.024103511675487632e-01,9.979990499782001590e-02,1.078359159713721815e-01,9.468905360539942029e-02,9.850740078921779719e-02,8.817005136709729629e-02,3.757698074309692021e-02,1.078085392842290241e-01,1.075546702927796527e-01,1.074671932145058462e-01,1.054201634689006795e-01,1.083685411975368884e-01,9.974153615770214865e-02,9.839836052546481471e-02,9.841686090967308176e-02,1.033152343958006064e-01,1.055087964291182706e-01,1.062393489209101094e-01,1.078929523771389176e-01,7.498827196743387824e-02,9.506561380054380506e-02,5.030081275610273628e-02,1.007408097151731158e-01,7.729588678841069205e-02,5.281087565331574890e-02,6.052265221533414952e-02,6.863277189527597355e-02,2.121575399137423656e-02,9.004145877996305725e-02,1.947723890209399761e-02,2.146340667844974862e-02,9.012464867200138674e-02,9.162944975902991007e-02,9.681451977411674459e-02,1.055218000915016663e-01,3.287943311538923247e-02,3.361716998777305315e-02,5.666823715859086591e-02,2.075682914810619145e-02,8.812679466443713860e-02,5.156204357670542138e-02,4.590872171645195635e-03,6.259344824718035549e-02,7.786769657389554233e-02,4.960996743495140610e-02,2.118573912606531301e-02,2.330982026021164583e-02,8.818213205367064766e-02,8.504101452405582462e-02,9.699068752003021932e-02,1.046496432385266434e-01
5.900826643046616637e-02,5.314214677423416411e-02,4.889675167491561864e-02,6.087294392036131374e-02,5.819781344786926353e-02,5.735301782957466510e-02,5.990545141556714859e-02,6.270163951786565659e-02,6.275579109681109213e-02,6.293389223722788139e-02,6.298642353331025678e-02,6.440733997536450539e-02,6.041371971599599627e-02,6.541343918032291316e-02,6.198596582453269610e-02,6.514312625855461780e-02,6.536341270599840825e-02,6.639893043002394191e-02,6.306963441907216528e-02,6.589120439521084505e-02,6.116024555957016301e-02,6.475135635305254156e-02,6.355722107546211974e-02,6.377344938233131533e-02,6.368463334103208195e-02,6.429782157556927780e-02,5.751686608851128146e-02,6.031577087459939757e-02,6.433937842895008641e-02,5.592301941552074024e-02,6.346702915046090188e-02,5.973262681138023084e-02,4.828684418939256651e-02,5.306801654453573158e-02,6.526047483564911822e-02,6.344938972766041296e-02,6.544719377952121220e-02,6.587732475634602847e-02,6.482772648585133357e-02,6.473520196715926156e-02,5.410566720434313581e-02,6.437882343704123822e-02,4.245769800552544326e-02,5.636790780245114901e-02,6.393332484287571338e-02,6.485619838731068731e-02,5.940117514311744895e-02,4.229742634529722045e-02,5.794550100637230888e-02,5.599105326181804537e-02,4.005187344609974914e-02,4.009877310706196768e-02,2.980157087447051108e-03,2.292729734873431846e-02,2.687808738439241476e-03,1.060238601771935907e-02,2.819930922095390674e-02,1.554026176454932802e-02,5.294112831806766645e-02,3.930979733676548404e-02,6.185747341029220608e-02,2.349402786467318788e-02,4.734538410242974948e-02,2.832733114450250791e-02,6.241062985876146690e-02,5.049323752843983687e-02,0.000000000000000000e+00,1.212881479811065560e-02,2.609011968111792090e-02,1.678769840526295187e-02,1.724767074005376793e-02,5.991930310006044619e-02,5.868348979329743309e-02,5.547809523967459078e-02,1.989111540742479964e-02,1.865986110636612058e-02,5.443820806889011765e-02,4.374062348899791092e-02,4.294306185647876750e-02,5.202161413195312278e-02,4.809825505453502181e-02,4.676554880917479368e-02,4.955217633583033909e-02,1.645472268274932731e-02,6.326266792091889135e-02,5.579388862978588992e-02,4.904347756631375482e-02,5.097053076452119635e-02,3.583771347452542611e-02,1.844660670854358919e-02,6.078496744148755709e-02,4.899315761097024213e-02,3.395244784222774953e-02,5.479490353346257864e-02,5.064748677496969803e-02,4.301784370794916462e-02,5.944190309463762145e-02,5.754337378316097540e-02,5.869759030620215479e-02,5.491765817726360771e-02,5.610980687956112350e-02,6.364729873548757855e-02,5.449741867190598804e-02,5.841797875549282343e-02,6.278874748162199815e-02,6.027582737704245686e-02,6.199537859933521022e-02,6.316038590944900166e-02,6.255689909978606744e-02,6.349962721659778431e-02,6.355869214473999773e-02,6.373813528939928363e-02,6.278379838845178640e-02,6.351868537521415670e-02,5.880816733437678467e-02,6.256199232864555204e-02,6.400490938892824944e-02,6.296915285125011252e-02,6.374318769319511913e-02,6.213680325095310292e-02,6.386739734125299051e-02,6.119014654580121754e-02,6.376959338119485288e-02,6.332432930062129040e-02,6.259585647475293668e-02,6.130825374326898114e-02,6.307673435911068105e-02,6.479876811919189905e-02,6.429301131032150174e-02,5.890448726608733115e-02,4.820302456813817943e-02,5.104090952729031100e-02,5.745060442254050492e-02,5.871941848404076819e-02,6.008354796782107432e-02,6.258077288085477086e-02,6.460093910674517825e-02,6.395702393082858261e-02,6.321741238948107300e-02,6.280100369854212106e-02,6.524719656068844742e-02,6.539322212816196800e-02,6.483284018902446544e-02,1.145626404496528222e-02,6.458073895410727794e-02,6.428081769882473817e-02,6.114650850276474175e-02,6.285565859811691192e-02,6.370754309188846054e-02,6.550092761133195773e-02,5.779713171291656765e-02,4.993079598201900782e-02,4.966585930779716940e-02,6.115743197447331275e-02,6.554191327963038161e-02,5.613457892318528958e-02,5.020881746292052417e-02,5.507327337404040873e-02,5.303048028991000362e-02,5.774163982615682783e-02,3.264685652126961962e-02,2.879270723982821703e-02,2.406341360753664130e-02,6.444884316857663054e-02,3.412341260898234946e-02,4.638737970491356444e-02,6.599848501673234724e-02,5.419300469046169771e-02,2.155980780790267212e-02,6.169179714724119107e-02,4.491757905269209289e-02,3.757946835813755215e-02,2.184281136103566681e-02,2.704449248283450485e-02,4.628293047850884356e-02,4.048390239846606786e-02,4.803566805498019759e-02,3.436119937866297797e-02,5.301456928511958516e-02,2.385081883055183150e-02,6.461607265369133379e-02,5.147799432793282587e-02,6.151429679450209909e-02,5.166611086771426276e-02,3.847783970726937480e-02,5.374248181879030806e-02,4.908600520208206835e-02,4.143494105584830806e-02,5.881704892712182053e-02,4.147500159515120355e-02,5.877108605191232876e-02,4.678642021601239764e-02,5.667227946349408241e-02,5.191085216893066151e-02,6.168968328967358583e-02,6.278600614657929568e-02,6.521868059017955910e-02,6.578216620181213947e-02,5.549121821768475404e-02,6.442383324596710759e-02,5.650000726986502408e-02,5.989297088895379623e-02,5.107017453783176814e-02,6.139995980430349581e-02,5.908295062905441486e-02,5.832400142621618766e-02,6.202077008007733649e-02,5.650169270738883420e-02,2.596829016087520356e-02,6.185583937150939543e-02,1.882502324036109537e-02,2.451388263057112729e-02,6.251361012168162035e-02,5.787658764013023371e-02,5.929406344280453711e-02,6.054988456521894630e-02,3.083177956664764560e-02,3.683171765154794747e-02,5.165779017987332661e-02,1.901637701136670022e-02,5.288256577364783273e-02,5.755212802205240952e-02,8.724254767559971174e-03,5.581729260170387175e-02,5.665596915380311654e-02,5.806082401522677516e-02,2.345283434406420300e-02,2.329549697844297135e-02,5.560665197543927102e-02,6.176113666108931644e-02,5.792279840689982390e-02,6.269609632926381737e-02
2.783757533525993977e-01,2.100455175304623556e-01,2.616434382120350621e-01,5.093187709514718220e-01,5.730461804342703580e-01,4.392818545321229839e-01,2.495207016701792846e-01,3.570861242774580613e-01,1.148781162504713682e-01,4.144167728506142345e-01,4.041448116185794026e-01,4.801882771075165479e-01,2.288134996114287167e-01,3.566232918632585291e-01,4.090423614187912449e-01,3.341264541525525433e-01,3.022945074406281352e-01,2.645374527570213963e-01,3.082631608332441764e-01,1.531294702888259252e-01,3.044650897129947964e-01,4.998451319319472952e-01,1.389422809740595566e-01,4.370590909396208090e-01,4.391048218756917199e-01,2.208460845642550574e-01,3.584416015610646378e-01,3.989780761937105624e-01,1.028312165404333817e-01,2.594205725032590615e-01,6.346765305810682101e-01,6.045044667369904312e-01,5.994605848798180148e-01,6.014722033190554873e-01,3.335715089077115336e-01,3.960173869962792526e-01,4.053768315021095137e-01,2.231864828562285796e-01,3.972479606398247598e-01,4.913458067893082259e-01,2.029012929465957848e-01,1.848982256377119937e-01,3.184311741420670083e-01,4.130402344539989556e-01,4.076004349432398866e-01,3.040835137524106058e-01,4.561582756615529255e-01,2.959928398992314191e-01,2.409308870826443738e-01,2.958093029735174850e-01,3.796816335383588342e-02,4.277086082595302208e-02,5.657420456890043838e-03,2.288831780421816606e-02,3.567809984103540756e-03,9.726812005373076594e-03,3.099314969591905888e-01,4.732738700798454490e-01,4.388407542780283221e-01,4.811636539268536739e-01,3.599921119604701514e-01,3.383108357475642647e-01,4.374337266350485920e-01,2.809550973548291530e-01,5.742344320118930590e-01,9.056066116702897462e-02,1.212881479811066428e-02,0.000000000000000000e+00,2.964079326817402049e-01,2.328352948140311185e-01,3.160398372204414330e-01,5.969149222059497717e-01,5.620307659598484662e-01,3.852512883336659533e-01,4.788548853493846402e-01,3.441240060109141963e-01,5.911894563736332930e-01,3.589094653543173918e-01,5.350563730719575251e-01,7.911750942066339554e-02,1.757970814905019108e-01,2.527972053129320384e-01,5.453920521929112725e-02,6.592317496376889907e-02,4.468070129477023089e-01,5.061127396280971080e-01,4.761343618620218487e-01,5.196193100797579234e-01,2.860900226437756433e-01,2.130739039457585360e-01,4.602247500109603040e-01,2.390393915259819979e-01,1.654746173308679555e-02,3.913814057639408706e-01,4.913914045529500507e-01,4.710336149959676311e-01,3.702807839480563024e-01,1.592273492805218182e-01,4.984605214261930706e-01,5.648237204530933697e-01,3.157633142417636263e-01,4.144209247275739694e-01,3.847209457701751822e-01,3.369420696120537517e-01,4.558436346352001678e-01,5.254334926425843211e-01,4.088244456356867063e-01,2.990799266327440198e-01,5.284630024456739017e-01,3.150391937138533605e-01,4.394201738965770598e-01,4.243351524643920736e-01,3.164698778570233517e-01,3.285169794556908052e-01,1.605474180220633207e-01,2.205923436223325429e-01,3.180979138093414926e-01,3.390579091248108745e-01,2.337595839062425740e-01,1.563493825879432031e-01,1.276812780317062024e-01,2.967753739629110377e-01,1.417713884733978746e-01,4.813221564654462936e-01,4.487040805459437398e-01,1.672587856207937429e-01,3.671193243742574830e-01,3.182406804112593579e-01,3.870404761289900075e-01,3.845033346338910807e-01,1.553246665153697748e-01,6.052814081237004595e-01,5.809987935987929175e-01,4.652951100480037239e-01,5.853093099173295455e-01,6.034957453056777332e-01,4.965023048728936517e-01,4.884863790621838953e-01,5.838315889150530458e-01,2.794156178073439745e-01,3.412997489461065959e-01,5.528480023978159519e-01,5.474399712054779377e-01,1.669777393216758180e-02,1.643156979546854524e-01,3.277517165931848608e-01,4.143474886393511691e-01,1.574672573900683381e-01,4.055870829887014417e-01,2.166681664760432557e-01,4.881573696143309826e-01,5.504118001365467805e-01,4.131165739074831311e-01,9.357714282336362932e-02,3.347731715681236397e-01,3.392726212020061305e-01,5.676386265504003437e-02,1.386655346258157673e-01,1.132109544189092154e-01,2.734420948921073014e-01,3.814982303699492733e-02,3.196991382326540981e-02,2.768094082692538691e-02,8.676518483830114592e-02,5.017519336456175427e-01,5.350508977078737294e-01,1.893069703287295624e-01,5.156052114561492372e-01,5.523118650807445906e-01,9.770746508946058506e-02,7.523439716564796209e-02,1.355424893633054018e-01,4.186322771188551450e-01,3.898005739586613561e-01,4.878328925037570540e-01,5.731260173718297768e-01,3.841281052857675737e-02,4.607036644363648459e-01,2.872832793411210228e-01,3.318490430508751476e-01,6.245527016858990477e-01,6.140694232938468389e-01,2.824442312629375507e-01,6.059856777941928785e-01,3.690589564391185129e-01,5.303275268925597974e-01,2.326546065249968376e-01,4.158636668719864482e-02,5.051168833613302045e-01,3.389388036412284144e-01,1.881814944023768865e-01,3.966849056591618683e-01,4.998513404805869365e-01,5.875127273409284090e-01,4.356552541127101108e-01,2.602907856509529272e-01,5.383977505435756372e-01,5.566941635538170674e-01,5.699426318854983187e-01,5.538322424430458524e-01,8.604088821230609918e-02,1.227945832274101867e-01,5.334691433738011912e-02,1.043383480317188888e-01,9.377350754532563781e-02,6.248614560076137803e-02,6.805080160615184504e-02,8.438341263143310511e-02,2.590415371175594506e-02,9.736598253163732120e-02,1.865347278743130846e-02,2.541258676009566092e-02,1.666653697122835731e-01,1.866292499034320207e-01,2.079472764400853435e-01,1.090270099205688514e-01,3.043653182064564797e-02,4.014987125565400855e-02,5.934744170394895546e-02,2.308985384013727618e-02,1.016679432516705006e-01,5.950435957197879738e-02,9.046850481042392061e-03,6.356430478110812465e-02,8.258772127039991362e-02,5.903757642625741958e-02,1.941997273506467989e-02,2.239827574970735743e-02,1.848147288041292191e-01,8.924427738661162846e-02,1.162765255325488578e-01,1.790779163511289351e-01
2.723507388131850560e-01,2.040031926439073995e-01,2.582342607484525709e-01,4.855711211178381226e-01,4.918099565266319528e-01,4.381022448349033427e-01,2.486504725349266698e-01,3.572491990119616712e-01,1.159080668388274560e-01,4.140025926739515083e-01,4.009651344099976478e-01,4.796784953410452301e-01,2.232081309677700631e-01,3.600614474837930956e-01,4.107933593253500493e-01,3.378180611397163524e-01,3.036829745087382681e-01,2.693598258312338567e-01,3.065289930329512247e-01,1.551633424761091617e-01,2.953909200741565710e-01,4.767199388590142584e-01,1.364892204700312583e-01,4.376424746954775125e-01,4.284231066262215171e-01,2.230172392194077757e-01,3.490050231164394390e-01,3.900667920422732915e-01,9.528471255418452524e-02,2.611012770679009831e-01,4.886515363387755606e-01,4.900242790768203349e-01,4.792246954488043609e-01,4.874058414889578805e-01,3.351046436691852426e-01,3.971508719311740432e-01,4.037074436649743525e-01,2.188445166819041610e-01,3.922479731142085591e-01,4.865946980415027379e-01,2.171610617621524963e-01,1.815564366478637226e-01,3.745531686447780562e-01,4.301650149339574791e-01,4.135128013233186350e-01,3.104545136274414197e-01,4.907437213978204094e-01,2.957068798061793791e-01,2.628867740252170404e-01,3.280016005620700059e-01,4.545551451696169809e-02,3.199788432170570102e-02,5.853275912943403832e-03,2.253697566278121261e-02,4.108025028915456359e-03,9.929280258714721918e-03,3.541327565803548683e-01,3.552715043460314970e-01,4.630676876468682313e-01,4.622694085512540352e-01,3.629568865337535755e-01,4.058229423240098388e-01,2.614735635132097724e-01,2.508422537893305049e-01,3.840247080642811284e-01,1.041982238328537369e-01,2.609011968111792090e-02,2.964079326817401494e-01,0.000000000000000000e+00,2.008814894436589948e-01,2.281194567631561754e-01,4.792479292117990397e-01,4.809212847374179089e-01,3.726153938469682902e-01,1.502685617025252274e-01,2.676285139814532643e-01,3.765729959109688774e-01,3.511086688791107968e-01,2.780189923006229913e-01,7.648789792909074792e-02,1.650644051167101667e-01,2.562341185869141391e-01,3.190269231975998571e-02,8.161749536039009101e-02,3.771518601768381607e-01,3.272507188698619007e-01,2.880398093726623809e-01,3.107417907323843931e-01,1.714630215106148770e-01,3.543818081165026057e-01,3.594548809390424871e-01,2.092659097733708395e-01,2.770056513862585029e-02,3.215258907447050563e-01,3.607837670722389700e-01,4.781940391093307818e-01,3.633958000766794871e-01,1.536958797034117807e-01,4.313010637151736271e-01,3.863117082568311988e-01,3.075915296729438975e-01,4.121430601590657106e-01,3.726313942344015029e-01,3.260779846513916502e-01,4.551673206106344183e-01,4.896975548103851272e-01,4.078198293222272675e-01,3.002875623004430672e-01,4.899785646563620256e-01,3.162387730586289636e-01,4.385290825771647749e-01,4.261537180526924207e-01,3.204471893769371138e-01,3.251766278396617804e-01,1.603011978531858339e-01,2.128853147665583090e-01,3.209817387224206953e-01,3.388939687835717529e-01,2.339904254767878333e-01,1.678565492731555475e-01,1.283292089730714014e-01,2.953933176773678171e-01,1.408816503671606601e-01,4.649992714332553123e-01,4.180215108981403804e-01,1.653458376566581400e-01,3.651276454888428558e-01,3.139876125741730695e-01,3.822974795747474119e-01,3.770808675083495709e-01,1.648218619482201552e-01,4.899081110603533129e-01,4.910152770874701700e-01,4.648081919284504648e-01,4.871830829991236622e-01,4.900179077198041910e-01,4.891623381858491437e-01,4.888943201254367654e-01,4.881003689528816691e-01,2.741174748556908791e-01,3.485315038424735001e-01,4.834015668362401930e-01,4.888614376636314929e-01,1.601826827178063489e-02,1.639691810454326215e-01,3.283121917926734579e-01,4.157210873204246759e-01,1.573649591981322871e-01,3.955109062223582383e-01,2.226539651404581821e-01,4.921185876695728934e-01,4.899531888320059481e-01,4.459667085609980153e-01,1.136888182675233894e-01,3.281480985856270460e-01,3.740417124270510874e-01,5.319312019571866001e-02,1.348748869944560724e-01,1.057839886088536713e-01,2.738084232206658974e-01,3.684311039796318854e-02,3.256373475617953955e-02,2.860599694758054340e-02,8.887458810800814846e-02,4.470140215888601110e-01,4.907751308877459362e-01,1.813090866366374176e-01,4.914889350035567261e-01,4.313704339469036642e-01,1.033538879368873509e-01,6.680965099534605378e-02,1.524712782560799784e-01,3.815501404838358979e-01,4.725096717996193352e-01,4.356501725914357914e-01,4.332372060853781903e-01,4.664327161538704691e-02,4.288115846901244255e-01,3.372550645907513300e-01,4.430260710381883626e-01,4.850662639464657921e-01,4.487060269503057031e-01,2.772578098427331272e-01,4.322019839448610345e-01,3.710751240734349032e-01,4.563085238658972642e-01,2.548496066232143753e-01,4.499399445126441022e-02,4.487917183710901647e-01,3.205700928800477856e-01,1.652104024116217706e-01,3.716225701193371922e-01,4.737718598558993688e-01,4.763176669874947811e-01,4.345239844985974709e-01,2.595584317184717049e-01,4.621174269789340983e-01,4.686841133004882587e-01,4.797295701283588731e-01,4.903364089016116756e-01,8.425963465014191245e-02,1.221836714155630499e-01,5.308403652069540457e-02,1.029342184681899808e-01,9.388467545353636201e-02,6.123789276565756029e-02,6.704600737185999193e-02,8.363030367899065842e-02,2.747686862732934970e-02,9.897239961787676621e-02,1.889327428641720055e-02,2.537586741794081724e-02,1.676464162070439856e-01,1.896578049210603523e-01,2.036754236222323988e-01,9.922192570294138814e-02,2.900956105041084879e-02,4.067673869123387964e-02,5.901240598141225396e-02,2.051980407532228226e-02,9.624063441474786651e-02,5.546432582830461422e-02,5.062305776152263570e-03,5.471592261740140101e-02,7.690760701081857109e-02,5.596028424844909366e-02,2.203532332968976409e-02,2.298308548696459050e-02,1.806745027671253501e-01,8.954359963570258929e-02,1.032972791537917628e-01,1.637375050361546680e-01
2.754134045324659885e-01,2.143708865245661788e-01,2.787544522358036403e-01,4.398132963680406182e-01,4.423565225701065473e-01,4.374742568909065210e-01,2.473653280064128934e-01,3.572051228763565844e-01,1.148194117438958717e-01,4.146487926294253334e-01,4.021067509595439016e-01,4.471211744452997516e-01,2.311491421853141826e-01,3.570398278763571853e-01,4.102525179873894312e-01,3.365572679114933741e-01,3.002124861506124676e-01,2.670138635739207067e-01,3.068091251360793303e-01,1.540519888903376655e-01,3.124082264487154648e-01,4.460137172402612316e-01,1.408355551317184151e-01,4.412745068904729839e-01,4.399729621643532207e-01,2.247896747909471915e-01,3.558740390479204208e-01,3.958211271841508005e-01,1.103202125629226954e-01,2.552805108614857876e-01,4.468429052779867572e-01,4.432691420337254717e-01,4.197401849639937899e-01,4.361499242952442401e-01,3.340758388059854034e-01,3.974149088191499812e-01,4.031856590603656310e-01,2.182791846748874109e-01,3.975093047948555225e-01,4.453952987540115704e-01,2.171332438310873136e-01,1.851297960655372832e-01,3.577482644889473651e-01,4.323760704339996708e-01,4.138612949662267559e-01,3.042738549244531354e-01,4.462547049432046276e-01,3.706477375650014672e-01,2.546879421667448962e-01,3.258510240937699809e-01,3.502162225765768910e-02,2.988493021813582937e-02,3.896863088312479267e-03,2.753420776288440300e-02,3.722163720841956125e-03,9.927567385362778135e-03,3.362979569778110078e-01,2.655846870764417278e-01,4.217152749777315357e-01,3.904752156778225625e-01,3.651429507224719928e-01,3.029516893726849625e-01,3.545283771792147043e-01,2.409750768795872466e-01,4.362927449020704285e-01,9.802508442861621041e-02,1.678769840526295187e-02,2.328352948140311185e-01,2.008814894436589393e-01,0.000000000000000000e+00,2.165786073770662734e-01,4.428017560597483082e-01,4.439600986717323616e-01,4.016308533647893197e-01,2.715770854781797694e-01,3.171909248994000952e-01,4.339066808352187166e-01,3.822323002758337696e-01,3.939850866493809778e-01,7.984184571506244832e-02,1.736112473879383722e-01,2.676982708763170904e-01,5.804143071827395223e-02,7.692953011796399565e-02,4.398803196191256037e-01,4.062671671802348117e-01,3.961042396513715924e-01,3.847542513312713353e-01,2.351135217213649875e-01,2.299447726068526709e-01,4.203056437950727364e-01,2.498945844060426469e-01,1.369604779308426085e-02,3.719426441138519168e-01,3.776120885817897399e-01,4.416456921624503651e-01,3.687183538728746046e-01,1.540907157833693863e-01,4.352761978921648178e-01,4.350963751924341039e-01,3.027169347209550665e-01,4.128486443521416360e-01,3.736322897319500069e-01,3.218021443292237160e-01,4.458889714505374080e-01,4.445998448015929805e-01,4.088064103293975182e-01,3.005256574221386034e-01,4.464989596630372093e-01,3.155453106687362563e-01,4.392309678138190399e-01,4.267754165717251857e-01,3.219123280586726477e-01,3.268439757595129613e-01,1.619281974637835630e-01,2.168281661706636110e-01,3.212949007927768941e-01,3.416848501719473297e-01,2.342741092796196412e-01,1.616086892439113076e-01,1.279751022034485430e-01,2.966332707844406280e-01,1.415174416258335732e-01,4.460111201983488205e-01,4.392593266947921737e-01,1.689851236052084815e-01,3.710048313190120739e-01,3.206577026530518792e-01,3.884750358488858746e-01,3.805812467778479924e-01,1.502479141757600001e-01,4.468401462721808270e-01,4.440401001679443738e-01,4.463498203292275424e-01,4.451011264757232522e-01,4.463133138915223452e-01,4.464127347090610654e-01,4.472159456398229205e-01,4.369144864744842760e-01,2.748463627821472466e-01,3.441350141294424736e-01,4.395743547211123370e-01,4.422892316091503462e-01,1.760164527563977399e-02,1.647544696017239629e-01,3.336724413114507404e-01,4.178427786434322777e-01,1.558483201647713756e-01,3.961069601897186376e-01,2.164273433283540604e-01,4.453602961449860675e-01,4.390669110196649960e-01,4.311190775837261957e-01,1.094818200373444544e-01,3.354157865611675504e-01,3.666090661882984159e-01,5.572864234500764929e-02,1.399570874973289636e-01,1.110579129748552191e-01,2.827974064910929730e-01,3.765885059463461304e-02,3.372193585243093289e-02,2.867897684234606628e-02,8.876235664748841070e-02,3.900779509266245060e-01,4.299128476568059853e-01,1.866908469823421735e-01,4.431560539496355311e-01,3.465863489355731630e-01,1.027932490525685222e-01,8.131511207928596163e-02,1.223768550427320467e-01,3.545530870933525924e-01,3.902460307447844778e-01,4.271623219062448129e-01,4.193393673200915273e-01,3.220521552894067135e-02,3.719313993362041715e-01,3.403465562393114263e-01,4.069117869956374589e-01,4.447836612633942477e-01,4.419773424014795116e-01,2.910295261931734045e-01,4.384878977241137288e-01,3.801554588930461942e-01,4.416679410689068330e-01,2.554659786219930506e-01,4.516690713203221769e-02,4.399168652047253936e-01,3.679031968738551983e-01,1.878015802719446570e-01,3.988204536221598429e-01,4.384446655471100351e-01,4.433022441293766880e-01,4.366764992830924896e-01,2.605788244514366525e-01,4.467066957794851856e-01,4.467812670555503796e-01,4.438818505426016525e-01,4.443075621684422494e-01,8.323974127148496549e-02,1.246139928256030788e-01,5.328961482893819490e-02,1.047104449126225467e-01,9.386134362821971222e-02,6.272872308985255607e-02,7.300525439653628157e-02,8.682314332111033817e-02,2.651346109778742605e-02,9.824019882071145793e-02,1.902075492895357461e-02,2.536443240454301987e-02,1.670471610497304971e-01,1.894285122672261235e-01,2.060668035922949004e-01,1.049280947698764399e-01,3.477310948126868806e-02,4.145525289767845040e-02,5.856197418169836744e-02,2.267757163770567005e-02,9.946693443747367525e-02,6.067315156220864231e-02,8.608680381772391976e-03,6.693511594887815996e-02,7.738869378882019812e-02,5.711775811453698171e-02,2.253500935100049771e-02,2.345095640953046012e-02,1.837625703629752472e-01,8.981718942690029850e-02,1.166075315555380187e-01,1.720433734607789977e-01
2.659390671737825174e-01,2.028809728663823475e-01,2.636446867215756495e-01,4.702347647039717415e-01,4.845706053400531399e-01,4.317513560400702555e-01,2.438602275857432999e-01,3.565936196990907581e-01,1.119473508217540270e-01,4.128202635554809596e-01,3.972884202913178897e-01,4.759649155103645723e-01,2.213201355261230630e-01,3.599955855687004269e-01,4.045786961986974628e-01,3.391160104879406001e-01,3.026640421179544460e-01,2.691760793654398576e-01,2.956635654816670011e-01,1.506354232161910278e-01,3.096575481260328555e-01,4.900928674039319310e-01,1.385672042212303112e-01,4.399767060664863672e-01,4.368214470711779263e-01,2.225533574147680327e-01,3.413823688911769016e-01,3.955254297753046377e-01,1.117262514088638858e-01,2.518626506111069085e-01,4.822280682962408749e-01,4.912807445440856013e-01,4.665082662954930237e-01,4.841996116253239335e-01,3.348384710709184087e-01,3.951630135299500357e-01,4.063030711130510841e-01,2.302931045154027467e-01,3.938762149842536808e-01,4.921794490119318910e-01,2.137015517486474114e-01,1.849358683376941259e-01,3.709921355548908561e-01,3.988645290156387913e-01,4.131921334912579957e-01,3.061650164007805874e-01,4.931530361498790982e-01,2.596782345060615338e-01,2.497586320310245800e-01,2.975145411164210607e-01,3.404493015534484912e-02,3.725620208673300487e-02,4.432057144517721238e-03,1.832510774936601736e-02,3.242993438052003529e-03,9.782202658903959430e-03,3.392957942943740646e-01,3.722783200690350514e-01,4.570699066296686208e-01,4.532947853628291335e-01,3.628777682556132977e-01,3.684019351831093192e-01,4.012489400665751327e-01,2.898253434583054622e-01,4.756868048336931332e-01,9.446676702223906485e-02,1.724767074005377487e-02,3.160398372204414330e-01,2.281194567631561199e-01,2.165786073770662457e-01,0.000000000000000000e+00,4.561634838787842483e-01,4.649894503492003617e-01,3.659562065318424096e-01,2.956253823119655566e-01,2.798457637345267979e-01,4.210267959856166531e-01,3.374183959594598270e-01,3.547646659388817847e-01,7.263709977745154422e-02,1.072993014185099070e-01,2.194202282917917801e-01,5.764841919901823181e-02,6.952293883506553696e-02,4.510344793118257201e-01,4.614040099080570223e-01,3.971516732124794613e-01,3.912748314804475602e-01,2.939179122816621970e-01,2.699903115542277576e-01,4.500239341368748591e-01,2.211395404456337477e-01,2.615808424507796645e-02,4.062647934121945137e-01,4.594183798835642651e-01,4.615865093542633746e-01,3.518577674850393855e-01,1.421476704197943142e-01,4.790690522644846516e-01,4.592215931097501924e-01,3.008352783422135190e-01,4.025197546525213776e-01,3.609173854119291924e-01,3.118222194733747399e-01,4.420922950852272937e-01,4.831917575974733481e-01,4.047428617108085880e-01,2.975961792619479240e-01,4.943841366973215634e-01,3.160296863641482434e-01,4.379123524477968599e-01,4.279146032085263673e-01,3.205729122731702518e-01,3.234867067640210814e-01,1.534773417456054556e-01,2.062253238809515776e-01,3.200941787932971017e-01,3.383117046788213789e-01,2.312028176223451248e-01,1.642865058541940482e-01,1.234735862641587606e-01,2.854638250571278624e-01,1.388735319222315356e-01,4.774368980931624207e-01,4.501544268553232531e-01,1.662533631700596204e-01,3.644558656336853164e-01,3.192768846906146041e-01,3.848494746038549352e-01,3.698974008178169126e-01,1.444936891833927817e-01,4.722680513786884360e-01,4.842483599968899766e-01,4.622502473013193613e-01,4.922588982259364365e-01,4.918555523195000112e-01,4.951874952381957740e-01,4.891233024332182766e-01,4.915639879163939407e-01,2.752965820798515817e-01,3.483841614997787994e-01,4.918284386969716260e-01,4.935927617111760535e-01,1.650211444737834099e-02,1.650677763299561174e-01,3.350921266836729417e-01,4.164508790672207805e-01,1.535661757478797851e-01,4.046070111945742065e-01,2.243897505794973657e-01,4.884012824098951100e-01,4.787562433336222112e-01,3.927370340722407538e-01,1.038709399690593421e-01,3.382081980593867887e-01,3.470518082068507204e-01,5.332616250935379859e-02,1.281024517284475583e-01,1.045196860815621326e-01,2.439655340500066771e-01,3.356518105558903980e-02,2.857722287285387533e-02,2.540511620274437180e-02,8.786891184865588955e-02,4.206427843348705120e-01,4.866815892285902279e-01,1.889672935206624937e-01,4.906677021016510043e-01,4.117868752218251660e-01,1.005495431867527295e-01,6.807680214105139849e-02,1.461062895615772295e-01,3.709270342368193307e-01,4.513817852223374061e-01,3.945848300039691003e-01,4.072069926311119303e-01,2.771788193047151211e-02,3.410576906279687570e-01,3.129446498312181135e-01,3.918447019876876714e-01,4.829731416287406098e-01,4.375791992955600507e-01,2.743744606841366229e-01,4.232942377568195691e-01,3.351386050054894206e-01,4.462958692127720894e-01,2.301573256659143751e-01,4.132496632454243229e-02,4.348491426831904150e-01,3.641083854807795062e-01,1.744308883170433144e-01,3.797338513878192878e-01,4.703584695224065082e-01,4.607608834359875338e-01,4.260695530109257501e-01,2.527302494615294992e-01,4.837249220049769094e-01,4.865303502625912269e-01,4.738187539973696683e-01,4.879988553004300789e-01,7.786608772569864056e-02,1.187933360139410421e-01,5.153295916292114504e-02,1.026398634742951149e-01,8.943218330150098927e-02,5.860432396226429586e-02,6.715234273336971593e-02,7.564843165529079594e-02,2.350584413371475251e-02,9.358122114995606755e-02,1.922088686209779892e-02,2.491871065845178285e-02,1.609158378211389129e-01,1.817695400521001647e-01,1.993630434272204155e-01,1.039089812495573029e-01,2.117435392838876163e-02,3.478830964068462678e-02,5.771471256636493546e-02,2.127561956319747039e-02,8.772720129687085200e-02,5.427028435518146954e-02,7.595221088985115374e-03,5.655971498347758114e-02,7.205518841338100222e-02,5.417607296454226423e-02,2.129098828897132284e-02,2.107007825863827302e-02,1.743658257555387725e-01,8.693913702430557111e-02,1.111435024953570799e-01,1.735017101921590976e-01
2.619070997727270256e-01,2.259909917323718043e-01,2.690266512920031494e-01,4.987313200328529206e-01,5.416400372530019158e-01,3.779607785564171318e-01,1.902056572477659746e-01,2.859557862163555342e-01,4.457796514286792300e-02,2.933657379153302158e-01,1.674627466047271529e-01,3.374194559645241620e-01,2.103419226984997448e-01,3.589169975800173829e-01,3.908250418272911086e-01,3.354139081622391494e-01,3.052472788722385144e-01,2.683077341050822406e-01,2.883629276951295006e-01,1.537737985756619519e-01,3.075585175237823266e-01,5.003671048296697288e-01,1.299081445270872937e-01,4.305371738024584838e-01,4.227022309948666456e-01,2.113293787152067393e-01,3.530598753765469278e-01,3.902832870505473783e-01,1.164203702487690700e-01,2.433225473179562448e-01,5.861960113848040388e-01,5.858759179989320165e-01,5.639015455803211285e-01,5.989140760367974714e-01,3.361679708254530774e-01,3.961458543526008569e-01,3.976046770972809785e-01,2.222524000820171042e-01,3.972686295231580011e-01,4.877405454663138462e-01,2.000896583520254124e-01,1.799575973976919874e-01,3.995287605762007366e-01,2.266665254519815709e-01,3.897731328289811281e-01,3.128009323051157420e-01,5.073663370248709947e-01,4.051691300766945281e-01,2.501801369041936063e-01,2.819627583566372553e-01,3.815276716781602212e-02,5.077901871037712733e-02,4.191055356464782992e-03,2.660687486549698569e-02,7.293767834644355845e-03,9.423616923037336779e-03,3.419372582685631934e-01,5.581658039249207670e-01,4.693084518131101501e-01,5.013320102560904212e-01,3.649059150907594806e-01,4.524502920603892253e-01,4.843027230824107354e-01,3.529939669084755094e-01,5.933097661346949936e-01,9.539421430607164520e-02,5.991930310006044619e-02,5.969149222059497717e-01,4.792479292117990397e-01,4.428017560597483082e-01,4.561634838787842483e-01,0.000000000000000000e+00,3.559901137388553072e-01,1.798550517969375873e-01,5.807075310803618828e-01,4.638583638891912164e-01,4.285731366362979800e-01,2.367862164292668381e-01,3.908646852929767435e-01,8.206191956463400328e-02,1.897644382433802124e-01,2.630655886570781310e-01,7.531941890988659571e-02,1.369699634539372213e-01,4.686597329977426618e-01,5.676393908058944282e-01,5.761387395613517537e-01,5.922338418722414843e-01,3.926192133975548448e-01,4.580429719667419297e-01,4.905358591740768270e-01,2.895154146874215906e-01,3.769411351630054530e-02,4.549969090530872617e-01,5.678920456542545514e-01,4.224662927203104990e-01,1.572888940610090436e-01,1.173731597450710928e-01,5.214971744982187518e-01,5.850544189036109843e-01,3.047728948127515491e-01,4.119783665782951187e-01,3.937785189066332348e-01,3.438215887523815018e-01,4.380874924523999181e-01,4.919401172961495594e-01,3.313226412013433042e-01,1.835704578162829503e-01,4.213295721881396561e-01,1.993316889702811956e-01,2.116637433591319895e-01,2.706965804907858208e-01,3.222021407693897999e-01,3.211314683349736354e-01,1.416074104988501170e-01,2.190300087256575878e-01,3.202958177398481654e-01,3.390479435637298589e-01,2.254097665395749517e-01,1.686675203423040614e-01,1.225753528605052767e-01,2.967129636131713988e-01,1.401632705992115202e-01,4.773102016981236040e-01,4.574036310283493556e-01,1.594389367806055280e-01,3.539107979065095888e-01,3.141990974128829328e-01,3.827774546132123867e-01,3.817632847934499529e-01,1.643814294976671253e-01,5.400967924863138148e-01,5.309554101393132441e-01,3.987017466798818410e-01,5.854282632728816660e-01,6.031195714797245033e-01,4.968244055262303061e-01,4.870643521341630477e-01,4.820890975172783532e-01,2.795282956349717240e-01,3.487948186465349432e-01,5.467994416866048812e-01,5.501464774809522451e-01,1.442157151476896638e-02,1.604356162858218693e-01,3.252596653238470359e-01,3.731248137130744880e-01,1.200150733534821740e-01,2.402789212014497799e-01,2.234550325348866884e-01,5.102901711946932206e-01,5.462044068096435501e-01,4.326329208144882310e-01,1.059394032852742085e-01,3.310329412639130831e-01,3.025062222933140865e-01,6.021984784932131463e-02,1.337977072354749608e-01,1.050446880971721425e-01,2.592922597705162313e-01,3.845884949104916989e-02,3.332487967833065723e-02,2.560960240584197675e-02,8.535590924407331082e-02,5.185350905513540498e-01,5.994629678734020306e-01,1.874664830776225366e-01,5.118551880754375061e-01,5.661285116350289748e-01,7.445663968309020053e-02,1.082563318991265067e-01,1.829221697799552349e-01,5.539840153760857699e-01,5.644684101923896913e-01,5.042853032636585020e-01,5.644674544941955530e-01,6.331530605153239122e-02,4.644993665551687134e-01,3.447225464101635883e-01,4.388817695951422460e-01,1.433432697625592056e-01,3.311406027300283217e-01,1.222745936646080361e-01,5.380836616169406561e-01,3.216737061036251677e-01,2.490598410513895633e-01,2.187966203330575510e-01,3.608810209209559194e-02,4.879970979276330723e-01,4.294845070838222978e-01,1.864623178788174795e-01,4.161477460205603163e-01,5.267910484828863815e-01,4.616768528352062639e-01,2.158894269933590293e-01,2.094874974120557731e-01,5.352453707423875384e-01,5.570478310336853811e-01,5.199831663821926631e-01,5.388844130517461695e-01,6.892766453760121315e-02,9.261926598704763036e-02,5.296226661665992541e-02,9.855181540141752516e-02,5.576018584964122921e-02,4.425466489375061430e-02,6.069367556126838148e-02,5.712980526581642321e-02,1.993848141372019794e-02,8.757411765111246249e-02,1.898909103040952867e-02,2.358059307012858041e-02,1.582674816394104844e-01,1.730853350106002775e-01,2.055860536959106255e-01,1.109100505448877838e-01,2.788154636117077742e-02,1.639603034855717512e-02,6.070914892906506544e-02,2.376024334219538001e-02,6.005595412269749966e-02,4.783756496919255863e-02,6.408270818897760131e-03,5.672200359355983323e-02,7.799368108679570477e-02,5.594715930940313137e-02,2.459974829433914101e-02,2.320494099999031654e-02,1.819419138169055261e-01,8.942586357340077952e-02,1.145185610409658328e-01,1.865272652342877535e-01
2.457665498118495329e-01,2.104557348653799398e-01,2.746851263390224784e-01,4.978064317590409349e-01,5.358870610046195804e-01,4.272660926645282520e-01,2.312393665068442072e-01,3.256935206238579239e-01,8.435236140496153723e-02,3.745820084995860610e-01,3.247556710686002046e-01,3.978702818076321757e-01,2.217683069654738104e-01,3.455039463153952162e-01,4.028754513508807644e-01,3.368816530012982979e-01,2.999180380576930149e-01,2.649757335663885938e-01,2.761998682916324555e-01,1.531575055905985416e-01,3.130862313993426072e-01,5.000250925227144316e-01,1.382589611213570768e-01,4.428046257126247998e-01,4.155243214766822790e-01,2.195790683806525534e-01,3.598762725494180637e-01,3.954685429574685829e-01,9.777581337890010882e-02,2.323351734141975711e-01,4.660657179978222597e-01,5.531454803970905498e-01,4.949715197261645439e-01,5.249537255631910870e-01,3.323526319807708074e-01,3.924782718403249104e-01,3.848704292584876341e-01,1.948354505469360176e-01,3.445910706380211908e-01,4.903480496248163178e-01,2.122475593437193886e-01,1.837434007193974317e-01,3.985160213808508489e-01,2.863831885933733612e-01,4.024852890801070560e-01,3.080931122959992829e-01,4.971792231229976156e-01,3.824427276624899341e-01,2.582596407135290817e-01,3.222538870483986351e-01,4.365082713104587869e-02,3.446190267452962225e-02,4.517852420230618685e-03,2.614591319537071246e-02,4.252613324808023065e-03,8.956183109949989590e-03,3.218973952367549241e-01,5.269323400439295257e-01,4.686850813574985342e-01,5.230127267964791438e-01,3.251667479528611571e-01,4.836247993310280879e-01,4.628620940816395857e-01,3.527496588864024729e-01,5.564460511980838797e-01,1.016293224843062559e-01,5.868348979329743309e-02,5.620307659598484662e-01,4.809212847374179089e-01,4.439600986717323061e-01,4.649894503492003617e-01,3.559901137388551962e-01,0.000000000000000000e+00,3.769417432475476448e-01,5.565954326129408658e-01,4.522655919776021327e-01,4.549381837718107224e-01,4.035473256507315365e-01,4.405598159026065108e-01,8.440011209633467570e-02,1.901604783390674624e-01,2.828286583584829761e-01,6.913785176838545266e-02,1.361324997701239548e-01,4.611274380351478297e-01,5.630537284558044808e-01,5.272434949040799568e-01,5.498997800711981077e-01,3.888738826718217689e-01,4.758023368640702522e-01,4.984890063824434780e-01,2.870977179279951552e-01,4.160102173210056264e-02,4.605846249817618365e-01,5.607379962432887943e-01,3.957968281224971130e-01,2.337637799712733444e-01,1.242053646553072793e-01,4.925027194862428570e-01,4.717329966606411684e-01,3.058190649201461553e-01,3.965112991682274712e-01,3.830152893663241742e-01,3.460010562371207410e-01,4.229036805792574238e-01,5.110133600568452783e-01,3.844909302968949616e-01,2.501815645518454256e-01,4.913231463065890758e-01,2.813429181847034166e-01,3.691327199724043773e-01,3.607334810232984967e-01,3.223808545691351779e-01,3.225320200217300926e-01,1.503885234762168122e-01,2.205738579722554549e-01,3.200068849826648854e-01,3.383831395821029764e-01,2.260190809868748707e-01,1.695404501380781415e-01,1.069215722085295889e-01,2.927407635811219433e-01,1.415827350838033405e-01,4.771107213861002783e-01,4.574228892303384142e-01,1.672961313308645726e-01,3.624388779935056037e-01,3.222604186539831939e-01,3.891586657154442741e-01,3.843664835255135026e-01,1.544746917574336686e-01,4.156526234475784176e-01,4.897174949929803400e-01,3.753746198138932511e-01,5.450213828725218868e-01,5.508155843661346474e-01,4.955700127625674023e-01,4.848409600644498219e-01,1.819410453480053425e-01,2.685110381266930801e-01,3.364966208323547647e-01,5.407674954444290361e-01,5.011511354279537533e-01,1.341623001536976223e-02,1.634141738329325522e-01,3.331580790359833233e-01,3.953455015203610201e-01,1.242633159457651321e-01,3.014969332572292049e-01,1.945609416486884791e-01,4.978650032171032525e-01,5.595137224290627209e-01,4.269724134327873566e-01,1.097481262514895667e-01,3.299923181142285777e-01,3.610057089668944341e-01,4.188839005828829537e-02,1.237210818148242464e-01,1.016095070715525989e-01,2.636718100863081338e-01,2.743308503939149989e-02,2.756588246573377088e-02,2.524389307616014752e-02,6.810774833535562789e-02,5.396631711152540811e-01,5.630136817797255500e-01,1.620554473921554384e-01,4.962046813899245734e-01,5.461548788939342147e-01,9.913164242720554076e-02,1.019060346564776426e-01,1.807103406824028535e-01,5.608465521292087530e-01,5.550991675868262032e-01,4.518521307263896891e-01,4.483300634868869761e-01,6.498603882585429758e-02,5.203400638970271386e-01,3.220171214186278719e-01,4.448388066852134171e-01,3.934517150228259430e-01,3.645652789938905736e-01,2.662166469162373095e-01,4.647678757490688040e-01,3.267807743897988559e-01,4.373837068156455898e-01,2.461342673565764805e-01,4.122828581602590997e-02,4.658919352889276388e-01,4.341710982759146020e-01,1.483093210281605789e-01,4.082989669264336374e-01,4.974637916288660588e-01,3.934357390350906591e-01,3.198779576239970668e-01,2.241385006897891607e-01,4.871135156816358558e-01,5.016016211513574241e-01,4.179523981232668439e-01,3.986921354711672194e-01,6.311541757475853942e-02,1.139547339059950593e-01,5.203899211692011167e-02,9.456465446095214944e-02,6.591718613938042648e-02,4.448397394682691158e-02,6.410368529661519821e-02,4.883101797314895465e-02,2.059397156643916205e-02,9.049884945726362206e-02,1.915757418179779223e-02,2.579236246650590952e-02,1.623923699610779481e-01,1.854632537748281407e-01,2.056654016557407372e-01,1.090735108377110379e-01,3.187073368427621733e-02,3.168079003244637926e-02,5.598916884405347877e-02,2.290582232514760952e-02,6.052449327910373877e-02,5.332200914139788306e-02,7.403658725842893196e-03,5.763217040093273486e-02,7.985078441187744291e-02,5.678635895178873322e-02,2.519292912784171570e-02,2.367572950624957651e-02,1.902145058746934070e-01,9.062181344668894523e-02,1.154563621496171449e-01,1.833527445692255398e-01
2.747845928606030830e-01,2.260173021933275794e-01,2.568634802076125156e-01,4.130493940494862626e-01,4.135079790073696304e-01,4.111747152681705098e-01,2.431106183656724651e-01,3.513049659051414864e-01,1.069622376932791857e-01,4.028651575292987452e-01,3.666735665315274395e-01,4.010056303946531453e-01,2.087975638959470859e-01,3.592819620197226227e-01,3.985867365865811696e-01,3.313929053825269699e-01,3.029731813041461885e-01,2.694216300205017900e-01,2.900292188047869923e-01,1.469168712841706359e-01,3.057767944938480364e-01,4.085726518620659831e-01,1.276123931468746142e-01,3.914521662804458790e-01,4.065211270181079417e-01,2.077076555876718744e-01,3.503864321953014116e-01,3.966437143871437421e-01,1.182713268485615782e-01,2.610118701035519240e-01,4.115220125752005464e-01,4.132777575967340189e-01,4.098940519324274501e-01,4.122729368279092199e-01,3.341739134410469658e-01,3.962161712031168626e-01,4.034421838514320457e-01,2.296366904228209493e-01,3.938612176819837885e-01,4.011516038803809581e-01,1.970419541520223861e-01,1.663124776609334887e-01,3.908178464921581718e-01,2.896638948438558514e-01,3.711510804458931223e-01,3.129373093932563132e-01,4.089465751410005234e-01,3.816431180898105513e-01,2.461197393460072824e-01,2.688758280679128254e-01,3.489165545078420916e-02,5.224479930856675003e-02,6.755827106124638430e-03,2.787069269701345289e-02,7.778370067809397582e-03,1.020008622302563499e-02,3.505496974747003280e-01,3.630540567672507768e-01,4.080395838674207853e-01,3.509381451187634227e-01,3.678915874695871113e-01,3.600687523680334290e-01,4.086661556270502205e-01,3.533021455395626287e-01,4.112991280672963490e-01,8.626328964516220832e-02,5.547809523967459078e-02,3.852512883336659533e-01,3.726153938469681792e-01,4.016308533647893197e-01,3.659562065318424096e-01,1.798550517969375873e-01,3.769417432475476448e-01,0.000000000000000000e+00,3.652158236242002975e-01,4.032298903299464388e-01,2.865938992554396547e-01,1.106187138433094852e-01,2.305199924711107684e-01,7.634635733402587998e-02,1.916519532071629672e-01,2.481991622088392802e-01,7.571454458512334729e-02,1.379964268399096194e-01,4.128410122053055575e-01,4.143906373311877500e-01,4.091102592941027738e-01,4.034464450364354526e-01,3.883355116630309856e-01,3.673716671018513735e-01,4.106862847759549795e-01,2.812919517924146739e-01,3.948168569037865255e-02,4.133797370460229881e-01,4.142249869415409735e-01,4.088798355245121807e-01,3.179142907218123204e-01,1.527313712867286177e-01,4.140477704740465614e-01,4.141601835458540992e-01,3.180646593855873672e-01,4.138628149540821144e-01,3.915182270715048540e-01,3.470441811178095470e-01,4.131426304088058887e-01,4.109211068240087861e-01,4.023513987680347737e-01,2.793543912737004309e-01,4.019557023703518306e-01,2.995837791717916310e-01,3.783330725394392635e-01,3.952800003048581035e-01,3.163996253363453581e-01,3.212124936799482522e-01,1.476269905298946417e-01,2.181389423330724331e-01,3.202037035013619581e-01,3.350807316149757575e-01,2.279382196494686152e-01,1.730639724285734093e-01,1.253417884063883214e-01,2.866816021685823501e-01,1.304754624433528964e-01,4.055731229466917886e-01,4.122152205451766749e-01,1.556932857466875875e-01,3.519418520469468348e-01,3.079913830318079526e-01,3.786307026701140055e-01,3.779560948464548709e-01,1.698676981879390646e-01,4.096893242202815921e-01,4.112285829727365671e-01,4.023984987060257312e-01,4.095071091083787307e-01,4.095048692953989211e-01,4.098365264927232299e-01,4.132964011619757461e-01,4.061557206894967353e-01,2.795535839437315873e-01,3.484078630057770298e-01,4.003856639743191836e-01,4.106013710060073540e-01,1.368619085546723783e-02,1.583991476296720824e-01,3.051732491468885922e-01,3.590133020819399889e-01,1.420898837070591336e-01,3.313979168483823234e-01,2.277505207158060097e-01,3.973918580248317345e-01,3.507479637771114267e-01,3.790466524957677441e-01,9.510526701637289637e-02,3.236284115031496378e-01,2.869036506881673110e-01,6.141005402044551892e-02,1.352883758186237684e-01,1.092595443739531741e-01,2.669700644284086488e-01,3.929399607772117442e-02,3.467979973452702674e-02,2.802200613205431748e-02,8.871024428676108076e-02,3.676395673538339626e-01,4.027597797852169870e-01,1.896607041955310213e-01,4.144544268985165814e-01,3.958490024595878176e-01,6.467302475096936565e-02,1.068997512034744607e-01,1.748465559498205424e-01,3.593216318530063624e-01,3.810828332204835855e-01,3.927022378557061266e-01,4.023032755710960751e-01,6.649727640892381941e-02,3.476209683448410748e-01,3.417723418881584707e-01,3.962341058927111304e-01,2.284112010140058047e-01,2.631640623143408630e-01,3.088633864298527196e-02,3.929055049497902075e-01,3.614907930760180577e-01,2.051345654241618077e-01,2.036318546897014636e-01,2.939469902490480374e-02,4.015343086842940723e-01,4.023071289524002836e-01,1.882319797822059049e-01,4.082251200566519023e-01,4.129349935047556541e-01,3.972183999272823063e-01,3.548963580149099850e-01,2.578740614578332035e-01,4.159324705496490471e-01,4.144808393215572706e-01,4.078135651585629295e-01,4.146590190171071666e-01,8.120801949211442494e-02,1.141985073683629559e-01,5.113045754141156557e-02,1.003978615635403165e-01,7.537508936172679364e-02,5.796008006068904816e-02,6.439035827583280969e-02,7.483528076001304263e-02,1.688275524272251152e-02,8.984040474246515751e-02,1.903142461273692188e-02,2.467914302625952641e-02,1.526954098877550403e-01,1.732223713831881340e-01,2.071051965343255197e-01,1.090227380448432065e-01,3.770090983047329203e-02,2.981092458524500083e-02,5.875639058841381629e-02,2.397439823730915937e-02,7.749010039873761857e-02,5.271280875251264930e-02,8.173570071323450412e-03,5.414094448401968185e-02,8.107134511657398956e-02,5.712841706468399505e-02,2.459343788140284578e-02,2.338425038009279630e-02,1.758630441317829141e-01,8.821015743750136584e-02,1.158534306172083195e-01,1.841884897364605145e-01
2.783495999913174201e-01,2.119041584305986770e-01,2.688385717948937326e-01,5.095510083649600341e-01,5.716828007738089523e-01,4.416084862364718089e-01,2.490213199711742986e-01,3.560942828691844864e-01,1.151911980427817034e-01,4.126895426136550915e-01,4.019047634948379466e-01,4.787773607856276592e-01,2.309936387465814367e-01,3.562486367481876304e-01,4.104831497576873489e-01,3.377337837349231875e-01,2.981199257601130914e-01,2.674575366732354076e-01,3.070185079780471393e-01,1.526885335221521700e-01,3.045440190273067671e-01,4.945456792671539259e-01,1.396780348181874964e-01,4.443498824665764180e-01,4.355712060113139938e-01,2.222754419179165108e-01,3.545648171866526144e-01,3.989710264955598218e-01,9.310019094563508346e-02,2.618177668925427137e-01,6.373095940680716387e-01,6.045495421685119775e-01,6.029073996196522289e-01,6.096297744906752358e-01,3.256709904476403628e-01,3.945992066042318669e-01,3.897717335450390785e-01,2.082643372261733239e-01,3.931872333427341992e-01,4.740487090065444442e-01,2.174053476879365954e-01,1.753614789151803910e-01,3.941875034669674593e-01,4.321555570356883647e-01,4.085614377175142975e-01,2.985497387039321993e-01,5.005639884941135431e-01,3.580493181732175012e-01,2.636107607048395196e-01,3.353302017399015234e-01,4.821527760528776518e-02,2.518954459556032102e-02,6.275817723926383623e-03,2.450864197769388880e-02,3.617251000583571099e-03,8.449683692973370894e-03,3.559401861798114353e-01,4.959465216014582456e-01,4.698706587082293606e-01,5.394870256448048851e-01,3.663917052355186721e-01,4.519766274588454258e-01,3.385608252143655905e-01,2.840777877802220241e-01,5.479909959189089852e-01,1.045363585450863331e-01,1.989111540742479964e-02,4.788548853493846402e-01,1.502685617025252274e-01,2.715770854781797694e-01,2.956253823119655566e-01,5.807075310803618828e-01,5.565954326129408658e-01,3.652158236242003531e-01,0.000000000000000000e+00,2.305112143208636610e-01,3.886456140059361131e-01,3.095425899732587305e-01,2.909915689911055092e-01,6.063497781622781413e-02,1.623588566548616052e-01,2.562168695721569467e-01,3.146805235168029236e-02,6.183980976741341312e-02,3.800974490492724511e-01,4.290775910883012911e-01,3.969661158053400252e-01,4.447057144761968894e-01,1.969392833635731088e-01,3.990061893645772684e-01,4.539047717182285169e-01,2.440266830308648327e-01,2.954932255613268791e-02,3.939620214121212216e-01,5.148001219110884819e-01,4.721462754878610335e-01,3.471299266522553384e-01,1.476330099285656228e-01,4.777062782168359778e-01,4.951680534065944217e-01,3.125520704886376455e-01,4.148767256094084144e-01,3.827430031983292125e-01,3.369043722390395179e-01,4.548202618178972534e-01,5.282731740171466850e-01,4.079628068793119122e-01,3.002658270028563670e-01,5.273715176642967961e-01,3.145287984133562365e-01,4.394568060933898845e-01,4.243709743214564289e-01,3.220660265182948012e-01,3.286478188222458074e-01,1.617969458977352448e-01,2.109015894511115929e-01,3.090178488564736536e-01,3.399125369816489162e-01,2.339262817025134222e-01,1.596671294218031945e-01,1.286970453739716413e-01,2.974275418384424441e-01,1.417293076089255477e-01,4.732406085146386721e-01,4.225567099253661474e-01,1.677004205727606334e-01,3.700369296199064739e-01,3.185900371311822243e-01,3.873500871414612967e-01,3.831969596587956883e-01,1.651017526818388259e-01,6.042438718020938238e-01,5.791862312652044098e-01,4.656863366272900873e-01,5.686820685607382186e-01,6.021259866582615583e-01,4.799556056402799475e-01,4.834775818261152214e-01,5.826953779663783806e-01,2.521100478412508505e-01,3.365005785701801755e-01,5.258745425569327780e-01,5.495396668167596976e-01,1.693516616558930765e-02,1.635738184734816802e-01,3.206518254514356681e-01,4.046867270480839496e-01,1.561972331196845032e-01,3.932120226806727903e-01,2.041150912267761242e-01,5.207569990023180884e-01,5.964920448124312324e-01,4.524260795028903215e-01,1.167751662647338873e-01,3.048702153145687599e-01,3.754610941314261985e-01,5.253224525215004909e-02,1.331835870465971072e-01,8.974606552759618883e-02,2.798419217914250856e-01,3.452300688273511609e-02,3.098604044270127089e-02,2.678744182498539114e-02,8.905757168742071961e-02,5.088949772397404203e-01,5.948676915748354332e-01,1.739160952928956172e-01,5.136292154107235941e-01,5.685796977731987223e-01,1.019927629975205113e-01,4.425177140852086521e-02,1.280936581873344526e-01,4.164914145222237130e-01,5.679275474694643888e-01,5.110927907110853763e-01,5.455164360141514512e-01,4.832373880442752262e-02,4.915395631033013246e-01,3.477434171329368273e-01,4.275168327510268096e-01,6.145686647755758125e-01,5.236158942332871380e-01,2.689138456535367649e-01,5.629646495495371772e-01,3.444861402320427146e-01,4.312016775867166807e-01,2.432239214042552777e-01,4.667038841817635481e-02,4.631904662436487907e-01,3.036207507523076554e-01,1.577360221837465493e-01,3.506955143254195661e-01,5.227653108059143738e-01,5.359728960397056596e-01,4.232126303418605184e-01,2.596569265636520241e-01,5.038101230293152710e-01,5.357626002824364964e-01,5.403718332154066051e-01,5.551562566913391672e-01,7.756760584094830879e-02,1.134233525303412343e-01,5.197844759243484825e-02,9.731002949193728879e-02,9.172300269265935835e-02,6.396751155663790711e-02,7.117464346035166922e-02,8.437257810973189387e-02,2.646013772414288270e-02,9.890423201380990625e-02,1.897509980723232487e-02,2.554821597206604830e-02,1.666480733829541205e-01,1.917828726758420699e-01,2.084399312806663462e-01,1.100285043131356971e-01,1.681300597025322391e-02,3.510461224669843283e-02,5.515429126024622847e-02,1.399033747732895787e-02,8.122024167500550840e-02,5.948692468149447549e-02,6.880458295684172346e-03,6.459032759974106530e-02,6.808211069568262386e-02,5.862442825047459172e-02,2.167346749402576309e-02,2.292748935840559568e-02,1.842854527448820889e-01,8.791138769170682432e-02,1.163998400781854625e-01,1.808877383696248509e-01
2.758191058413244634e-01,2.276183103454129386e-01,2.619454917488435730e-01,4.653514207857222806e-01,4.712709618626750863e-01,4.304984296950984946e-01,2.385561758324687975e-01,3.558714446514962271e-01,1.139872486263715234e-01,4.121494687815419056e-01,3.985404841412746313e-01,4.751078530471408712e-01,2.272385021831782037e-01,3.582828634032773074e-01,4.088183096340350930e-01,3.380951212806304063e-01,3.049972905756533348e-01,2.677852447735710184e-01,3.030290800249906824e-01,1.547119156682634500e-01,3.080352540972041142e-01,4.673048000341670227e-01,1.371782397422861288e-01,4.419402802826774557e-01,4.254206776033072068e-01,2.232748442094558416e-01,3.444255963810857191e-01,3.962638023916698060e-01,1.167673344923423756e-01,2.578562457458890012e-01,4.567766705406930416e-01,4.613219130686286862e-01,4.390859463025620912e-01,4.642385404895210121e-01,3.354995408775122701e-01,3.980801363706092943e-01,4.055266011768076106e-01,2.316706520867889141e-01,3.862582791232245794e-01,4.742796841822802256e-01,2.170405683805760877e-01,1.824594519697346762e-01,3.586416867435362477e-01,4.180998372832795407e-01,4.120080722125492034e-01,3.120789755148635769e-01,4.732240054773435567e-01,3.067077274589917191e-01,2.626589747085523174e-01,3.285218683146896579e-01,4.914343914291743193e-02,2.614183416936345650e-02,3.693469081572522614e-03,2.298068357064518216e-02,2.597817951816687627e-03,9.806874189267227038e-03,3.272635482872023327e-01,3.204268604252522024e-01,4.578591812178511300e-01,4.581710686706462199e-01,3.394349451309621735e-01,3.892059138264678531e-01,3.113183698351220663e-01,2.076737995304934192e-01,4.158458997747274122e-01,9.411174848311588959e-02,1.865986110636612058e-02,3.441240060109141963e-01,2.676285139814532088e-01,3.171909248994000952e-01,2.798457637345267979e-01,4.638583638891912164e-01,4.522655919776019662e-01,4.032298903299464388e-01,2.305112143208636333e-01,0.000000000000000000e+00,3.760291925948539005e-01,3.792681493918148017e-01,3.563716322321045515e-01,6.001728446329653022e-02,1.744194099274548326e-01,2.500597360087343790e-01,5.029499728817661552e-02,8.396691486225311973e-02,4.418184802603747907e-01,4.316424689139552462e-01,3.747837411061594737e-01,3.817809110992765875e-01,2.512591519359044234e-01,3.727113495709266644e-01,4.118539031156579489e-01,2.609947751192156495e-01,2.796468736246977491e-02,4.218060827656812117e-01,4.328833454119800361e-01,3.671833767183557140e-01,3.291278692624358126e-01,1.182054048947410868e-01,4.248040805114375318e-01,3.824960291414384872e-01,3.081712125669620606e-01,4.111719772944746332e-01,3.864622098713595411e-01,3.437145636217923683e-01,4.533560124003727099e-01,4.697224903266769003e-01,4.034631830316412482e-01,2.953138710205909234e-01,4.732817447441551861e-01,3.161553075805669244e-01,4.380102541852169407e-01,4.276508641331320804e-01,3.173850457562269467e-01,3.255503076924379791e-01,1.559039162622322394e-01,2.127753225373011647e-01,3.209634466454710511e-01,3.380326005284134405e-01,2.312342268179650440e-01,1.741708405351189426e-01,1.285856695476045586e-01,2.906186671497317797e-01,1.403503111257310143e-01,4.648286530394368232e-01,4.416381639554134986e-01,1.663571025572692097e-01,3.649842967193038246e-01,3.202517494981881319e-01,3.843702328080843000e-01,3.693278832113056631e-01,1.482979544132516925e-01,4.457674016060629851e-01,4.537374411335733937e-01,4.629630284814311159e-01,4.750726129309187362e-01,4.726039565728566427e-01,4.752154780681363544e-01,4.744307379009358172e-01,4.700905376706346894e-01,2.777016443412375080e-01,3.479677286575862949e-01,4.731084666523386884e-01,4.727742406463756319e-01,1.713670480746155508e-02,1.628446396074167968e-01,3.267119882965691668e-01,4.171928763969006693e-01,1.561452669581364361e-01,4.066642822527370416e-01,2.251519013462636443e-01,4.742916201793513920e-01,4.750260489134650044e-01,4.552527935211482801e-01,1.164758608217663499e-01,3.260614390430569554e-01,3.738430990975976642e-01,5.560163498963081874e-02,1.339259471874411356e-01,9.561181402715643318e-02,2.871357799100782149e-01,2.956353723724296223e-02,3.163971511031834355e-02,2.531579869653555540e-02,8.858340911924279804e-02,4.429069821715254651e-01,4.722956441476708345e-01,1.883578101325191767e-01,4.706630360638013877e-01,4.220957952328877605e-01,1.015123795836194165e-01,7.301382110695099625e-02,1.539161942984441089e-01,4.313108301890136720e-01,4.676456586064904331e-01,4.270279185053619253e-01,4.056217955397588559e-01,5.678885699305945278e-02,4.572687606721993481e-01,3.449130861512108015e-01,4.025760120423497179e-01,4.727559293772536364e-01,4.204728591327489551e-01,2.942571133661022187e-01,4.396361445369215137e-01,2.977757434215980159e-01,4.312875758528763037e-01,2.473509954540957234e-01,4.589042175773039994e-02,4.534970615645076975e-01,4.022870408218818250e-01,1.668002909617823382e-01,3.714328670397770704e-01,4.696088603544714690e-01,4.057599216026488431e-01,4.100811087682899592e-01,2.414095134459224024e-01,4.612997759111772678e-01,4.649668929520929805e-01,4.467307057772786916e-01,4.704797840412791587e-01,7.046334633149554938e-02,1.085583776915665655e-01,5.115425421656357580e-02,9.517354147748366411e-02,9.028552643013106060e-02,5.880949261653517501e-02,6.886159446273139306e-02,7.650692748898346718e-02,2.653711161650431152e-02,9.734128366646806196e-02,1.900897022628903268e-02,2.540214580711568082e-02,1.658886433474770494e-01,1.888078362268507393e-01,2.039759568143554580e-01,1.083199398654894341e-01,1.847702049555000753e-02,2.764942408855236219e-02,5.281784899418486695e-02,1.948158465284782065e-02,8.206476582434837908e-02,5.432668249995319804e-02,4.795204226540060108e-03,4.836428410551886492e-02,6.841004666865720119e-02,5.502156577487558875e-02,2.233282660156573132e-02,2.396502314992796784e-02,1.834788595157048618e-01,9.070086380140647553e-02,1.093944204306009083e-01,1.750888688171499119e-01
2.652748411912106974e-01,2.125514401291384026e-01,2.620968533633634134e-01,5.028970888952901674e-01,5.663674599932019271e-01,4.256999527452905441e-01,2.344061922982990098e-01,3.525906091110595497e-01,9.896172656380572419e-02,3.978271163543550815e-01,3.611230774875904270e-01,4.595461203672731587e-01,2.234779150526046143e-01,3.578684463711280794e-01,4.071015991597893291e-01,3.369406623147870872e-01,3.047385985044855916e-01,2.690614333073612086e-01,2.966575181181342891e-01,1.536687272670811399e-01,3.060212620437101072e-01,4.959238087622725999e-01,1.393712359908344245e-01,4.442642673942585607e-01,4.227718986548311131e-01,2.227044286970265019e-01,3.493652333715065450e-01,3.940150751283855168e-01,1.192865664125094122e-01,2.478393831094144462e-01,5.816830230274735447e-01,5.902453402215191991e-01,5.769093977124474248e-01,5.996831089101541945e-01,3.293088370794657327e-01,3.972909492009351617e-01,4.034402953173258921e-01,2.323145870628311183e-01,3.969342723459115541e-01,4.832358120012831826e-01,2.160323959572590935e-01,1.747741231413284524e-01,4.003591625787903396e-01,3.965573234605211939e-01,4.124904428894384800e-01,3.087724757488638505e-01,4.917116633589573849e-01,3.694111720871210425e-01,2.578880175393672980e-01,3.334026933198733222e-01,4.884832325803263597e-02,3.493953098178049360e-02,5.535588710871721004e-03,2.674299845802284581e-02,5.788613672629921124e-03,9.069698889050764601e-03,3.578957549328738996e-01,5.577462059288521568e-01,4.661749044395437358e-01,5.444544037740899345e-01,3.677062009982417501e-01,4.893811856998765975e-01,4.285648219294846406e-01,3.461234850309547473e-01,5.760813139100553482e-01,1.072115270434881723e-01,5.443820806889011765e-02,5.911894563736332930e-01,3.765729959109688774e-01,4.339066808352187166e-01,4.210267959856165421e-01,4.285731366362979800e-01,4.549381837718107224e-01,2.865938992554395437e-01,3.886456140059359465e-01,3.760291925948539005e-01,0.000000000000000000e+00,2.818584876818832630e-01,1.249118924537412773e-01,6.403751825715837953e-02,1.725681450248949256e-01,2.272437475051763689e-01,5.589401618966829965e-02,1.198423960541012412e-01,3.995981052262199684e-01,5.356597333382452364e-01,4.661831682111664543e-01,4.877003392366993095e-01,3.424076346899484480e-01,4.765207573564449461e-01,4.897871364710961184e-01,2.640710736776216705e-01,3.938704135614164159e-02,4.532833890189061909e-01,5.726839285950765523e-01,4.453469978174924293e-01,2.247188088204287448e-01,1.238503764247189803e-01,4.919106465982823750e-01,4.908890647166934684e-01,3.096119495423679258e-01,4.052656016489797342e-01,3.783476429090431581e-01,3.412497421581373036e-01,4.468330114376021789e-01,5.087448701577828025e-01,3.956682618310878863e-01,2.730540391178825077e-01,5.148684967237014964e-01,2.975614572799917812e-01,3.890877934851136866e-01,4.094007618651888669e-01,3.241586232132518952e-01,3.223550884169438802e-01,1.508320566615328207e-01,2.082890525087116307e-01,3.155852765740613242e-01,3.338034537634632093e-01,2.317569401100940674e-01,1.726456023643518078e-01,1.226780210088161266e-01,2.839200792361338821e-01,1.404509083438756634e-01,4.618334270426674437e-01,4.384011279845979048e-01,1.646957758970263586e-01,3.642740200877701562e-01,3.201980384807409652e-01,3.843703369029362049e-01,3.730991306923354678e-01,1.657897218294417940e-01,5.443041299830078117e-01,5.489447604903178179e-01,4.547544519855021838e-01,5.752612434217129200e-01,5.958856771820302267e-01,4.860637792526691370e-01,4.889236691606478336e-01,5.512853029155239115e-01,2.751084007117543528e-01,3.495824749440263335e-01,5.434881369355599734e-01,5.443833917991954818e-01,1.417776804136578264e-02,1.600964221058009673e-01,3.166502645632084945e-01,4.122409943143149347e-01,1.453838647907055304e-01,3.995086040908278346e-01,2.275287932319937367e-01,5.240943555824013611e-01,5.747278741110980471e-01,4.176914378565081964e-01,1.139840602797025509e-01,3.200127800762331276e-01,3.721088474745189445e-01,5.149740389505776811e-02,1.121203356390894912e-01,7.584906813560174377e-02,2.659433883398512610e-01,3.129206442036482766e-02,2.828647512387694185e-02,2.154753934283862304e-02,8.155938993515893243e-02,5.390925376729697183e-01,5.691871703068788202e-01,1.840571534382997310e-01,5.160430030081831765e-01,5.774180880392089099e-01,9.938813907110194412e-02,6.620894620417630549e-02,1.782618604856492373e-01,5.266716326473444010e-01,5.678359578333957991e-01,4.830732557958304918e-01,5.191495910428273186e-01,6.091692056189612625e-02,4.996359535751893066e-01,3.490514600193130312e-01,4.534307636005152631e-01,3.804086343262168546e-01,2.777650641569115453e-01,2.066412510337231612e-01,4.157049006563509619e-01,3.069794290784151336e-01,1.453591439510995009e-01,2.160359299471555916e-01,4.534217142017312602e-02,3.740782623568927323e-01,3.721048588408413793e-01,1.073556697812138305e-01,3.183677452986676260e-01,5.197151264170801754e-01,4.179874055288864132e-01,2.834483537411148224e-01,2.283601363156957942e-01,4.405941181420661712e-01,5.006531178081976563e-01,4.492446350298048841e-01,5.179190101175916716e-01,6.108365734396696556e-02,8.564145047649521225e-02,4.865010331611029082e-02,8.287170241154137584e-02,7.419120973985653122e-02,5.265966989625994743e-02,6.270429762577954536e-02,6.010000871699429370e-02,2.486441744198042078e-02,9.751401499897362213e-02,1.914730814044515728e-02,2.544622827801202788e-02,1.619591283643699586e-01,1.881106312602977004e-01,2.072817225391084262e-01,1.103807423588925307e-01,1.540553010408290090e-02,2.140352214745131279e-02,5.443802204455445298e-02,1.668291998669362355e-02,5.711160059853385984e-02,5.033394915302362438e-02,4.218312159879783994e-03,5.224429360403472222e-02,6.525501220479938691e-02,5.661804854342117332e-02,2.220463375363772654e-02,2.299428584832570108e-02,1.870052289424703473e-01,9.077029233958684717e-02,1.161307347389684969e-01,1.833453068852593237e-01
2.772162715375524056e-01,2.227239469144298156e-01,2.625067339899737617e-01,4.239474359028615469e-01,4.233956374110494636e-01,4.198570263968304794e-01,2.423085233323363230e-01,3.531104229030341823e-01,1.064886491645898048e-01,4.064594138672038004e-01,3.699017458042426765e-01,4.191312557039851838e-01,2.140521762541684747e-01,3.600274277190642080e-01,4.045106415150106494e-01,3.353483680465963457e-01,3.053188128168336513e-01,2.671003058166162569e-01,2.858974741560499910e-01,1.509050735507328767e-01,3.084350184948171369e-01,4.226741260756932683e-01,1.360628883573253844e-01,4.138913780154098165e-01,4.177084841205467858e-01,2.193769230598744679e-01,3.448399082904504143e-01,3.977581507575044251e-01,1.180720212718380652e-01,2.603315291677449905e-01,4.232045675676202046e-01,4.236474373530700888e-01,4.188489523279078641e-01,4.241960359102341371e-01,3.336531667851409533e-01,3.956472655801490101e-01,4.049962772531524036e-01,2.313091885814099469e-01,3.857557737551221555e-01,4.226308153387259292e-01,1.965049455741521289e-01,1.775336316751435772e-01,3.914230165327921007e-01,3.214252374574063098e-01,3.987582060081762414e-01,3.069465862536370215e-01,4.225262001346515861e-01,3.663207430437278034e-01,2.535015660335502852e-01,2.581175549498828659e-01,2.424383447593545654e-02,4.849649008887095547e-02,2.957976802218622008e-03,2.839092371404321191e-02,6.165808775383096324e-03,1.034974375879080602e-02,3.466759977896213818e-01,3.548476515533890430e-01,4.162918557902847150e-01,3.797247180192170890e-01,3.673834380167878000e-01,3.378068410999229831e-01,4.192199481147714235e-01,3.493381144632148327e-01,4.202908669832574051e-01,6.938645435314763632e-02,4.374062348899791092e-02,3.589094653543172808e-01,3.511086688791108523e-01,3.822323002758338251e-01,3.374183959594598270e-01,2.367862164292668381e-01,4.035473256507315365e-01,1.106187138433094436e-01,3.095425899732586750e-01,3.792681493918148017e-01,2.818584876818833185e-01,0.000000000000000000e+00,2.350774414940393631e-01,5.066344672174775965e-02,1.839100861541713983e-01,1.909110842427863552e-01,7.394379182952051655e-02,1.208862544436104247e-01,4.251394996989508734e-01,4.215466036500973290e-01,4.182865197438317417e-01,3.963392154429810077e-01,3.674932856370065060e-01,3.446059928202563905e-01,4.225747198435007013e-01,2.810348261554299620e-01,3.049646972316658738e-02,4.234750470763354313e-01,4.228593765544400029e-01,4.139016151607379235e-01,2.991292882166581291e-01,1.468697648002736666e-01,4.246589099792784650e-01,4.241506135875953709e-01,3.179593100437833053e-01,4.121566087298301762e-01,3.889927582287959762e-01,3.462608432712834250e-01,4.227851844352602528e-01,4.212285281682032201e-01,4.017612354767154392e-01,2.863464283277033506e-01,4.165508243215682027e-01,3.092333448404310792e-01,3.965707983468167441e-01,4.094784067671164984e-01,3.184398717982205862e-01,3.234944253820150606e-01,1.491033035384198568e-01,2.135595195611799946e-01,3.207747662817390100e-01,3.356721997756758613e-01,2.309539313211415035e-01,1.692530921417790546e-01,1.230000576332952178e-01,2.807576814773615759e-01,1.342778743938027042e-01,4.198055686434182809e-01,4.223215417292850438e-01,1.621532366707211792e-01,3.605535527446667166e-01,3.133021189280003060e-01,3.830674186115065050e-01,3.732644121579904439e-01,1.623487547035434853e-01,4.200244215438103668e-01,4.216751159917166980e-01,4.149571618951095053e-01,4.222861072862317267e-01,4.210857422110280690e-01,4.242598109240204307e-01,4.211077716716648545e-01,4.206035582410132534e-01,2.789560073439756316e-01,3.445558743308505534e-01,4.220993330662939358e-01,4.130720308968849896e-01,1.554368155550222771e-02,1.601696739985016271e-01,3.202143830490995491e-01,4.009340971706849555e-01,1.509781020473101587e-01,3.579437167643705342e-01,2.250926971875744365e-01,4.155946599466381342e-01,3.653296571276676841e-01,3.728273711102799703e-01,9.665901663263518073e-02,3.342892104337287229e-01,2.758152106010517413e-01,6.119844291236345435e-02,1.306719088726164824e-01,9.978252790299052544e-02,2.727345122177087799e-01,3.926534385770092533e-02,3.362526029798713900e-02,2.594666957734044835e-02,8.815122972528864620e-02,3.551413446562299847e-01,4.090732336227289045e-01,1.850634193317364229e-01,4.240737648835520290e-01,3.858380375252429273e-01,5.674010435058911977e-02,9.338901168031071842e-02,1.452166709715962956e-01,3.094217147007180535e-01,3.668445038330107599e-01,3.925648654264938808e-01,4.040680139921862812e-01,5.882974635704107946e-02,3.347936052011945551e-01,3.438147064367571559e-01,3.726111048593055974e-01,2.932559745347187996e-01,2.665896288956442484e-01,9.200956416674582750e-02,3.881912415627569168e-01,3.396228248785198578e-01,1.769068119976773823e-01,1.492251130581871421e-01,2.973305313951159559e-02,4.010896503803536572e-01,3.816104125065085673e-01,1.880469145895888872e-01,3.926962413095611559e-01,4.230825793445867622e-01,3.883336698527987685e-01,3.714799395442882624e-01,2.557615130164150874e-01,4.250682109917600093e-01,4.238344640140606634e-01,4.187914079216576990e-01,4.217504320923705086e-01,7.175820449037073612e-02,1.007120638042721950e-01,5.008871229104906037e-02,9.629834607749344910e-02,6.592456146088063185e-02,5.536695956102513638e-02,6.654387243861205337e-02,7.074727958150385521e-02,2.051661788569447004e-02,9.258721276683286316e-02,1.944320935335413017e-02,2.391705899078571187e-02,1.578820930337047346e-01,1.777799759745846697e-01,2.093267393247737473e-01,1.114718658507054538e-01,2.144961610524531020e-02,2.609789966886510992e-02,5.477188351994414367e-02,1.972588704566292928e-02,7.221576811318022870e-02,5.831014066840879001e-02,8.234484896997313480e-03,5.983054988025369308e-02,6.945945548287769944e-02,5.358273405928801886e-02,2.459576703880568885e-02,2.426171923284505677e-02,1.780672646064231646e-01,8.962325629734443910e-02,1.168231100070058204e-01,1.876552440938132615e-01
2.686957091354405525e-01,2.076093536182176125e-01,2.723178184085002229e-01,5.055811361759071643e-01,5.714199369724313193e-01,4.336092565318098724e-01,2.420802853430629176e-01,3.539015786340355962e-01,1.035711430626182761e-01,4.047252878437389567e-01,3.695201969480099713e-01,4.741768580431901525e-01,2.202206873085582328e-01,3.606093149973254031e-01,4.084489465785260953e-01,3.387388560878529242e-01,3.032600684916569311e-01,2.685127328788248224e-01,2.971746526086499474e-01,1.528927578078876637e-01,3.020648751828340361e-01,4.952828267559775677e-01,1.361784153111915696e-01,4.419886540077059278e-01,4.211307419300827637e-01,2.245212382660724537e-01,3.459348618172981560e-01,3.979520915039698181e-01,1.154106905227004209e-01,2.535017857438370825e-01,5.879017295635629026e-01,5.915009423041460712e-01,5.706093855690343997e-01,5.942731944658334875e-01,3.297169329424012307e-01,3.989802974946966008e-01,4.008715169780104337e-01,2.286193902486307328e-01,3.971849190565270304e-01,4.842434114847420368e-01,2.177558910977253070e-01,1.818924027210760686e-01,4.008070050480469493e-01,3.834127560407200597e-01,4.117114521055720844e-01,3.027800715606174808e-01,5.015821152906683178e-01,3.449387930380773404e-01,2.632903364934107149e-01,3.321419376246574906e-01,4.470787543498101063e-02,3.153997625497920870e-02,4.078085470328268909e-03,2.409898524434702857e-02,6.850523964474412517e-03,9.329996038175667611e-03,3.557353655979610951e-01,4.745700982108066457e-01,4.708158153673482338e-01,5.224719630710159546e-01,3.694721249972133248e-01,4.723885033939498879e-01,3.799240825781971531e-01,3.201732188957974179e-01,5.584385625024435029e-01,1.060326570377693178e-01,4.294306185647876750e-02,5.350563730719575251e-01,2.780189923006231023e-01,3.939850866493809778e-01,3.547646659388816737e-01,3.908646852929768545e-01,4.405598159026065108e-01,2.305199924711107684e-01,2.909915689911055092e-01,3.563716322321045515e-01,1.249118924537412773e-01,2.350774414940393908e-01,0.000000000000000000e+00,6.504283278259508083e-02,1.604100819573729131e-01,2.464011216145210459e-01,4.673020378545317960e-02,9.651500255617763424e-02,3.925568436161891439e-01,4.946021118513721504e-01,3.890137011001750800e-01,4.843590796932421005e-01,3.236784199699306863e-01,4.510659498833309855e-01,4.861493271651980419e-01,2.619319972507976879e-01,3.783569047116285694e-02,4.370928748287001286e-01,5.597785574420753862e-01,4.434329782631607486e-01,2.731862303759914901e-01,1.379208816089238787e-01,4.756471108132365733e-01,4.606049477964860306e-01,3.107934926874056369e-01,4.111239675489331002e-01,3.755522833355569023e-01,3.399663305905663013e-01,4.531474832906460248e-01,5.206370512654888705e-01,4.037977813853877440e-01,2.838230815917988092e-01,5.241351953324341340e-01,3.090508695776058579e-01,4.107320866882183119e-01,4.194821941526082898e-01,3.235019823669718075e-01,3.231872857215198902e-01,1.531300869026492040e-01,2.134766772919526046e-01,3.165083010711639000e-01,3.373786414341092832e-01,2.330430320426915558e-01,1.667791757716570455e-01,1.251602171856895651e-01,2.880630525696661337e-01,1.405267937014400559e-01,4.604136270889513938e-01,4.358994333463617199e-01,1.660526561162392889e-01,3.681305953124296981e-01,3.217145559833362589e-01,3.862830439323560183e-01,3.775973995600387934e-01,1.641959573827513064e-01,5.610419096587573318e-01,5.575440842953773846e-01,4.496989097237424349e-01,5.832614137820225642e-01,5.939462125968562045e-01,4.855128086354711381e-01,4.895315401692249546e-01,5.657675291846300247e-01,2.698963050695329380e-01,3.465902899140752003e-01,5.444217363019234757e-01,5.481453209133090310e-01,1.504431234688621659e-02,1.601832793291370072e-01,3.272339762570832256e-01,4.138356155003706238e-01,1.475273378953332049e-01,4.007911409977972239e-01,2.232563349534074371e-01,5.284289265848604034e-01,5.880342701170010455e-01,4.125498725300529856e-01,1.149740560959189445e-01,3.286644441581794696e-01,3.709606156162109092e-01,4.964689769617802728e-02,1.201556390321750073e-01,8.668186483284261168e-02,2.602718651695178353e-01,3.259025886771529240e-02,2.699119784032324651e-02,2.455463466942149967e-02,8.354947281851925200e-02,4.903424368805412992e-01,5.840471506295795701e-01,1.830914808544961414e-01,5.188274316498063810e-01,5.541089270567693958e-01,9.869841617754787633e-02,6.866670265730719092e-02,1.674936184317403765e-01,4.624335104890702208e-01,5.759152631681148105e-01,4.786069976120041480e-01,5.136284981071665978e-01,5.631050197977160304e-02,4.641538687989886780e-01,3.478726735331023057e-01,4.451608121318951783e-01,3.899795940830810825e-01,2.508447241801645133e-01,1.779076640933497933e-01,4.309114445132449234e-01,3.163937327340406447e-01,2.010741374818227067e-01,2.206023133661412505e-01,4.483047690802972884e-02,4.149191079285710071e-01,3.578264560297333974e-01,1.326524719702887600e-01,3.535872368595533444e-01,5.196735108848045126e-01,4.466671305632549660e-01,3.375287064171149654e-01,2.413860482880513247e-01,4.706637262602063609e-01,5.094934496510817867e-01,4.730532800164882201e-01,5.310931734286090666e-01,6.774979707382557115e-02,1.091825739183237970e-01,4.776172016258812408e-02,9.232789343881217525e-02,7.390709731652878034e-02,5.521738397343119165e-02,6.636917452169421860e-02,7.060952801224523734e-02,2.468017866848647504e-02,9.664562941663812357e-02,1.896000216175311448e-02,2.603522061270826388e-02,1.619657787923126924e-01,1.875730622438619155e-01,2.069688406727011876e-01,1.100122806855085844e-01,2.134839790863248335e-02,2.713409448417541600e-02,5.528780756899748933e-02,2.155063397460956626e-02,6.686577776491124669e-02,5.623800183504976818e-02,7.205170981503322518e-03,5.389731138210600986e-02,7.345016309839383362e-02,5.545381174606265479e-02,2.368092376319286610e-02,2.283761009355533139e-02,1.855521441641577729e-01,8.948409809885164712e-02,1.134894450786439468e-01,1.828649495998607433e-01
8.416097099789711378e-02,8.613739096034771225e-02,7.311632758809855082e-02,8.096954165515481139e-02,8.298056741115633628e-02,8.018790826305816077e-02,7.926600351675303080e-02,8.448768980014366436e-02,7.852495097451128725e-02,8.385440579592177979e-02,8.157236725369161612e-02,8.573065139567734305e-02,7.758959576532642455e-02,8.315608694030977854e-02,8.029050448473791513e-02,8.305399963201551272e-02,8.715591833837342539e-02,8.575227630775712762e-02,7.997709336123405566e-02,8.322189895017670369e-02,8.153488359333586899e-02,8.428022920659519746e-02,8.326493415492658423e-02,8.464282010759960340e-02,8.320576339631707841e-02,8.391285525326262762e-02,7.957862761273488961e-02,8.189792571692995626e-02,8.343726493331118932e-02,8.173970058700008590e-02,8.038631555043837529e-02,7.754514808342008458e-02,7.391573087541233877e-02,8.385944724344106260e-02,8.560714129582369658e-02,8.451763363817879626e-02,8.593128373613204141e-02,8.634735986253676276e-02,8.503776317520680972e-02,8.600259102427755542e-02,7.954804348435288996e-02,8.607325045447768164e-02,8.236399923227744058e-02,7.289879079918780425e-02,8.418359195612447332e-02,8.432756765146239009e-02,8.601810484561871195e-02,7.283792534250450867e-02,8.588665011533913596e-02,7.242938050488362256e-02,3.710030583453652331e-02,4.212389832120541633e-02,6.404429888854442851e-03,3.263969041374942953e-02,3.822089141023326132e-03,8.362907324376236962e-03,8.333686086521197023e-02,6.480765878410028880e-02,8.406755889982460428e-02,8.402123720813715890e-02,8.655270451953370192e-02,7.328972889967394488e-02,8.385661364706774312e-02,7.656355921137235343e-02,8.628224381959111178e-02,7.222956252885792683e-02,5.202161413195312278e-02,7.911750942066339554e-02,7.648789792909074792e-02,7.984184571506244832e-02,7.263709977745154422e-02,8.206191956463398940e-02,8.440011209633467570e-02,7.634635733402587998e-02,6.063497781622782107e-02,6.001728446329653022e-02,6.403751825715837953e-02,5.066344672174775965e-02,6.504283278259508083e-02,0.000000000000000000e+00,7.795409389246459042e-02,2.222273938264335280e-02,7.247812871466072226e-02,7.304222406828281278e-02,8.499482424949308945e-02,8.500206738004144336e-02,8.392951467488313222e-02,6.665622575534195515e-02,6.687857529840013360e-02,7.341079307737900794e-02,8.498911048566155924e-02,7.495721758235672494e-02,3.176129623290498138e-02,8.532654170298338558e-02,8.459175968363510933e-02,7.033800384537230999e-02,7.052127547130992991e-02,6.643658575257817278e-02,8.280413744710592161e-02,8.176258114850681880e-02,8.328305194726104421e-02,8.573715622765225308e-02,8.309878634093331717e-02,8.591944403317021417e-02,8.304217292195817390e-02,8.098437492110310831e-02,8.415481059816684595e-02,7.962918001058337525e-02,8.377066995276338801e-02,8.445300536934399749e-02,8.334208721673791453e-02,8.517383034756179083e-02,8.420544038061193726e-02,7.884246755896061332e-02,8.027076734861278429e-02,7.943465577540392841e-02,8.431402615225434827e-02,7.986356510871733816e-02,8.251389903062228415e-02,8.557944805357238505e-02,8.572936022058333383e-02,7.439790963631207066e-02,8.354209096148246250e-02,8.183271116829192449e-02,8.073927681372225496e-02,8.376926032306543368e-02,8.360000921608005953e-02,8.587629437384475262e-02,8.512482420818522078e-02,7.805162919334045213e-02,8.135805700051793043e-02,7.738918381959224158e-02,7.913445733463737863e-02,8.598151188335204087e-02,8.522101756729148769e-02,8.276047612080177085e-02,8.553371367862926122e-02,8.553324776010981512e-02,8.519945134267410680e-02,8.527943175555000033e-02,8.542582526404005061e-02,8.545402397393361826e-02,8.605460363881521635e-02,8.532826657872680243e-03,8.372782097798686651e-02,8.638638305667536987e-02,8.323411411797296267e-02,8.011940558585244065e-02,8.247084314962270513e-02,8.357438320966283085e-02,8.606528723394173130e-02,8.542406634139845800e-02,8.392930955019373140e-02,8.493360225820745235e-02,8.408972238842728208e-02,7.744946861239120073e-02,5.532728362369008362e-02,5.807791256643407563e-02,3.292170692212111061e-02,8.568298540852886669e-02,3.591203574034107504e-02,3.187001832048688005e-02,2.272528998629815000e-02,8.450557308959599778e-02,8.129201005689620785e-02,8.581102739556902004e-02,8.565979114765957803e-02,8.396693148953462971e-02,8.105974497063166140e-02,7.855962545126568553e-02,7.502725030482144952e-02,7.292226164723064619e-02,7.672507501606097569e-02,8.566502996348145105e-02,8.272918084774139036e-02,8.126416007371180250e-02,6.669563702052105914e-02,8.506454510303423922e-02,8.549570757760753537e-02,7.537489481510853406e-02,8.485636415798669674e-02,7.094615011147770156e-02,8.181111022980136482e-02,8.030236514013243398e-02,6.058602860276281893e-02,6.153711093825615236e-02,2.632989767741594073e-02,3.747738393921902500e-02,7.787685998594950920e-02,7.677200154926558384e-02,8.146679510543691771e-02,6.051381787090415881e-02,8.591082599551866372e-02,6.665222814404772600e-02,7.516085374513191419e-02,7.596573316867216707e-02,8.428649941839608251e-02,8.490968315105465458e-02,7.460562645238222323e-02,8.401683046362520835e-02,6.512556266275038030e-02,5.743541466520978717e-02,4.954813041862016904e-02,6.979328950010457722e-02,7.599665192491703025e-02,5.877336480739017016e-02,7.043108057378946740e-02,7.718618257941953220e-02,2.411665759243548229e-02,8.041189776149534896e-02,1.924640553459531361e-02,2.521412784048162464e-02,7.057974927322518965e-02,8.292119407532225206e-02,8.337761983133439025e-02,8.396650459262246236e-02,2.586261842404009512e-02,2.182623669123753482e-02,4.882432364427053556e-02,1.087289144051088383e-02,4.367080209828735904e-02,5.931576361651660217e-02,7.663167179812216574e-03,7.064094725139027919e-02,2.081838896376714612e-02,5.361577684780490655e-02,2.153651777899004763e-02,2.405513227629667294e-02,7.747199737502814820e-02,8.321733401549230580e-02,8.145863670900113651e-02,8.156366434656052433e-02
1.856917725314329859e-01,1.852956881317870674e-01,2.047183967486380374e-01,1.585656960221919209e-01,1.842418766425694410e-01,1.900162109807845834e-01,1.994026369648748132e-01,1.997472394682840158e-01,1.130152099619710082e-01,2.029893696205143094e-01,2.024270010793282060e-01,2.000936853198242438e-01,1.909658875091241048e-01,2.038744459634357353e-01,2.045850356826568184e-01,2.063775239755302748e-01,2.067122129794359275e-01,2.062653860853803367e-01,1.984600230861000014e-01,1.510000823966752559e-01,2.032760089182143737e-01,2.045774011690743577e-01,1.393213167090042170e-01,2.062763309267462708e-01,2.047415807165007262e-01,2.079058749432588504e-01,1.984907254454874037e-01,2.044780685904568629e-01,1.212458898442476257e-01,1.878857712407607794e-01,1.907798532361588417e-01,1.969511008696022691e-01,1.786572888970938688e-01,2.001278561898948982e-01,2.067270887706216809e-01,2.052064045775422729e-01,2.058435580179425461e-01,2.066908065681911932e-01,2.043011624120039116e-01,2.049446856131575401e-01,2.028772145265561322e-01,1.856943119135091858e-01,2.008217328666370149e-01,1.907752525455247705e-01,2.049387619228450197e-01,2.059980232160754654e-01,2.058085524116920473e-01,1.733759740745283717e-01,2.061421128173874795e-01,2.001782501728354979e-01,4.282721425124509651e-02,3.188908166285313317e-02,4.048337311439485255e-03,2.883735795464598475e-02,4.575805815470332383e-03,5.535902608629553537e-03,2.019449710761795913e-01,1.859692672791729007e-01,2.029356910886438992e-01,2.020994795269749345e-01,2.064610311362221062e-01,2.019246861651545488e-01,1.918458737763868993e-01,1.982131833774966601e-01,2.032380038365443065e-01,1.000974340207286956e-01,4.809825505453502181e-02,1.757970814905019108e-01,1.650644051167101389e-01,1.736112473879383722e-01,1.072993014185099070e-01,1.897644382433802124e-01,1.901604783390674624e-01,1.916519532071629672e-01,1.623588566548616052e-01,1.744194099274548326e-01,1.725681450248948978e-01,1.839100861541713983e-01,1.604100819573728853e-01,7.795409389246459042e-02,0.000000000000000000e+00,1.705725483570033063e-01,5.689682765853499441e-02,1.145718200076078774e-01,1.867630579288810655e-01,1.923675997967565776e-01,1.644873079608641653e-01,1.455084968694270453e-01,1.740908267324260406e-01,1.813001893890636984e-01,1.949944953323020091e-01,1.702098576291142251e-01,2.855390348800659200e-02,1.820256289242609959e-01,1.954324829991883339e-01,1.923535931699101864e-01,1.974157465242974696e-01,1.497663639959352644e-01,1.963576218592530398e-01,1.806041392129904000e-01,1.880565418462706306e-01,1.694176441050070370e-01,1.553698628565782780e-01,1.406867930081258933e-01,1.622596751870971077e-01,1.643475780971450639e-01,2.012807435604456185e-01,2.032468528683215592e-01,2.027910268152999795e-01,2.057267153324953413e-01,2.043310653039528135e-01,1.995540453887324761e-01,2.067389946730469052e-01,2.040940990155828694e-01,1.545965850088590332e-01,2.041183844784043300e-01,2.066039161747259822e-01,2.044856893088097816e-01,2.028435559921841769e-01,1.733541409974742320e-01,1.262533655829550516e-01,1.966178260540596689e-01,1.392451572574193719e-01,2.043697532104303827e-01,2.027494788591186203e-01,1.668234694954726094e-01,2.071151408565109209e-01,2.075358146834693773e-01,2.069125287614647368e-01,2.036162167765376285e-01,1.548029885944236239e-01,1.719163404389238703e-01,1.912877807109624462e-01,1.976877226898379192e-01,2.068370323829022139e-01,2.016915628584903808e-01,2.064249200751754887e-01,2.055917172349008004e-01,1.966056661181569409e-01,2.066540433990060877e-01,2.066548467341242645e-01,2.038161896694099529e-01,2.051353803168689260e-01,1.283911737195512007e-02,1.619286902040915632e-01,2.064050582593405792e-01,2.069980653109657343e-01,1.482951225216407043e-01,2.023268476985605469e-01,2.065330805200096820e-01,2.039400716062287067e-01,2.067830512508362362e-01,1.933641382476904702e-01,1.104701705448254828e-01,2.079381202175551724e-01,2.051650080357358130e-01,4.683462305462831460e-02,1.069580764547027746e-01,9.461885730426644603e-02,1.198609678643033777e-01,2.413479566412419369e-02,2.346508112677092583e-02,2.037058225688163915e-02,8.245026168581999493e-02,1.899634933248206536e-01,2.077048455441109776e-01,1.881983574507804791e-01,2.060821496988618773e-01,2.039803977151105618e-01,9.356980782596285851e-02,7.307821244130360827e-02,1.672367582456729118e-01,1.754742120065857502e-01,2.029566583647740008e-01,1.904746986876132142e-01,1.953852428111141903e-01,5.292934145971735921e-02,1.826238290459668012e-01,1.964498737909118331e-01,1.950547378607380145e-01,2.015083758097248046e-01,1.835993367304829260e-01,1.987158730107530524e-01,1.597910570350127013e-01,1.973522850436621456e-01,1.890059873371776888e-01,1.865976729286810132e-01,4.119756973960649743e-02,1.408417697261689916e-01,1.761654994302170041e-01,1.558604399735245560e-01,1.757985318232222760e-01,1.947452450340109720e-01,1.721642612918424242e-01,1.989726443844826442e-01,1.910665583365691034e-01,1.924219072119038310e-01,1.955570292415018119e-01,1.828259229455921342e-01,1.931700780693623443e-01,7.436976531254484157e-02,1.147752509563862988e-01,4.813311957535355845e-02,9.542186913124135750e-02,8.407803895394919125e-02,5.666849463563872896e-02,6.867975825074285057e-02,7.280304880930164868e-02,2.175226883352146881e-02,9.066176069307002594e-02,1.940304661223552288e-02,2.351544486260710373e-02,1.547980133081491294e-01,1.827569632467239968e-01,1.986811483044738369e-01,1.042464485946241887e-01,3.523159539419052494e-02,2.692694899502022510e-02,5.716514991750165642e-02,1.589809425402716886e-02,8.214839128149761804e-02,6.008065049366480281e-02,5.854246814041053765e-03,6.403278967458378435e-02,7.107638211258081318e-02,5.295727805990765175e-02,2.196118598831623553e-02,2.064842714637086032e-02,1.808497791599932847e-01,8.637109831933006965e-02,1.186592186138864663e-01,1.795586035273161185e-01
2.701275555889369739e-01,2.232360465152451734e-01,2.345484640658161979e-01,2.942735618308291445e-01,2.931685542235264452e-01,2.914026680620437348e-01,2.432069214672925028e-01,2.916758869583396252e-01,1.072459018439161915e-01,2.942276643380646317e-01,2.866713627422511901e-01,2.903757644581063113e-01,1.949930014062073724e-01,2.978862881338020241e-01,2.906984412523840877e-01,2.992372912671958929e-01,2.996662989967230351e-01,2.689784181999430590e-01,2.855729169572379100e-01,1.556462605619799711e-01,2.834907148517051834e-01,2.937344069845692629e-01,1.380430443013168362e-01,2.931997048365790892e-01,2.938793516197479305e-01,2.239179454433505301e-01,2.870318727469302056e-01,2.882925685302144547e-01,1.129034497015706934e-01,2.558012575523985199e-01,2.919929709193395673e-01,2.963609723741497670e-01,2.868148045351066600e-01,2.952211633046165074e-01,2.988696619986201397e-01,2.974699435081120114e-01,2.985183852576954178e-01,2.340758458288646482e-01,2.986385077492983986e-01,2.992623692106661237e-01,1.974736605211251106e-01,1.833944635602435813e-01,2.790584363532476742e-01,2.294823139645122967e-01,2.766107312361253401e-01,2.972354280884610955e-01,2.966662161804042852e-01,1.690372782113313821e-01,2.476964633451977649e-01,1.678293113374195733e-01,1.842646158548199437e-02,4.743644026543226977e-02,7.386168325523619592e-03,3.067424061980045247e-02,3.563382914282594432e-03,7.456599133387848029e-03,2.962292574837216974e-01,2.886564347309895640e-01,2.973601555581110722e-01,2.976746276038297334e-01,2.976325505311003261e-01,2.618461058946044417e-01,2.976304363782241169e-01,2.956685455714230248e-01,2.971083820535521114e-01,8.234926581022167236e-02,4.676554880917479368e-02,2.527972053129320384e-01,2.562341185869141391e-01,2.676982708763170904e-01,2.194202282917918634e-01,2.630655886570781865e-01,2.828286583584829761e-01,2.481991622088392802e-01,2.562168695721569467e-01,2.500597360087343790e-01,2.272437475051764522e-01,1.909110842427864108e-01,2.464011216145210459e-01,2.222273938264335280e-02,1.705725483570033063e-01,0.000000000000000000e+00,6.703687074351177833e-02,1.136983454667229859e-01,2.885555839210902085e-01,2.937366766050723554e-01,2.780446072339164965e-01,1.544463783071037266e-01,2.318413385334245624e-01,2.132864969998000404e-01,2.649473368634981396e-01,1.650997165513816978e-01,1.751538715152646530e-02,2.745813901792092948e-01,2.816879059006868746e-01,2.882797379929055159e-01,2.739037655422441042e-01,1.377928672300206270e-01,2.960474470820296800e-01,2.883325675447372394e-01,2.941781540062054501e-01,2.936698227790703886e-01,2.876560008076812225e-01,2.949580367528023550e-01,2.885856282532063277e-01,2.907418238658839860e-01,2.883445360327697160e-01,2.848584277744220516e-01,2.905008624881356694e-01,2.877984023658668455e-01,2.865449664867008583e-01,2.861371040446030745e-01,2.968591626885689339e-01,2.863843260073454244e-01,1.459456108471568758e-01,2.107897152122512330e-01,2.989796881743810308e-01,2.882233657360237511e-01,2.307438841738898849e-01,1.723151093996164174e-01,1.260004711317586901e-01,2.814946438229233849e-01,1.393067118898461687e-01,2.856643072979831999e-01,2.904440287418613709e-01,1.581062091359578536e-01,2.893097998572033980e-01,2.956127974849210860e-01,2.945696477513633504e-01,2.863816221739261536e-01,1.615337467709831443e-01,2.857544892869254283e-01,2.981938651562211495e-01,2.989704416933703368e-01,2.986237782807978913e-01,2.987219170868162799e-01,2.989305044881320761e-01,2.989479358970936196e-01,2.923227089833061454e-01,2.798869525740863007e-01,2.991872698417012422e-01,3.012027691491848680e-01,2.936656956206989966e-01,9.585707710349276531e-03,1.565883375485518092e-01,2.927185858043296340e-01,2.816761540699253552e-01,1.349333239122527950e-01,2.755995100107062057e-01,2.267719751373373227e-01,2.867212677588506509e-01,2.861009590113882672e-01,2.461531023728995571e-01,8.451962849304049674e-02,2.941158748734561401e-01,2.302922368315596102e-01,6.005610529216043325e-02,9.437832717329321108e-02,8.735080034705579310e-02,2.775689797911797263e-01,3.768280982978625820e-02,3.133893280369472178e-02,2.230065255320576312e-02,8.835549227278517714e-02,2.964525074619522305e-01,2.984773692552148971e-01,1.897210443177420325e-01,2.991674710880099508e-01,2.963523925884730681e-01,7.921261705654689123e-02,9.411037188573695422e-02,1.790436324864392581e-01,2.659518115138413408e-01,2.899616909154156263e-01,2.707652489386007666e-01,2.877507975142547525e-01,6.543866903166750681e-02,2.697454302202674792e-01,2.545812446514213456e-01,2.592415254797968971e-01,2.861149625613617631e-01,2.677978651930509879e-01,2.660092519139763412e-01,2.623746431718133598e-01,2.633377561332846395e-01,2.371858256935593656e-01,8.999334217575614969e-02,1.648295325980733694e-02,2.466466749570168926e-01,2.588743240734878714e-01,1.827906192750001491e-01,2.206293865706340229e-01,2.767121160243160571e-01,2.851395354187408748e-01,2.832830329400742864e-01,2.549702297595966560e-01,2.892858541515262449e-01,2.890489992039475542e-01,2.837049702016404273e-01,2.931797569619988830e-01,6.976244901818472177e-02,1.030989498783344421e-01,5.024414107975194027e-02,9.448949608415148360e-02,7.552848877524255544e-02,5.162303985937877898e-02,6.311587092390483211e-02,6.739644587458916425e-02,1.762350790509736517e-02,8.337018414445436509e-02,1.894252002466186718e-02,1.900552650439129437e-02,1.430454575122621086e-01,1.831696909729658707e-01,1.941880668585674596e-01,1.042455897827011396e-01,2.393745116792256669e-02,2.005505459707280710e-02,5.366191861898842591e-02,9.247522425235040963e-03,5.694744114634311960e-02,4.644556196188383279e-02,3.693672704469156461e-03,5.048598351447764615e-02,3.152171497834184433e-02,5.032280859394405031e-02,1.646853732913819424e-02,2.124734165322939364e-02,1.546863562755267929e-01,8.503477299756076468e-02,1.033961574054826082e-01,1.697036862248418876e-01
4.275872678219187067e-02,6.060346660793977658e-02,6.958505362676843664e-02,6.389869418722413097e-02,6.141584919842561080e-02,6.533210433623364011e-02,7.045172968637565536e-02,7.254345945106722982e-02,7.501341780229649203e-02,7.323681200076670450e-02,7.426529113587494735e-02,7.384278333457308663e-02,6.484701656246988355e-02,7.244944860005704534e-02,7.249470034928129358e-02,7.686263965983393398e-02,7.398835212377309623e-02,7.586838390773005536e-02,7.577330222739322996e-02,7.554836699061677485e-02,4.649900579215667656e-02,5.994762268053901999e-02,7.466241020355575408e-02,7.005502158245019428e-02,6.467059286138138186e-02,7.532077835438534541e-02,6.110543202744865565e-02,5.898751033548652739e-02,6.749723445037336678e-02,5.868664806672795747e-02,6.300655210841901721e-02,6.453111106450647172e-02,6.135902597822937704e-02,6.870190150927502071e-02,7.287444175984171546e-02,7.000173417941027432e-02,7.310502655868673927e-02,7.571791708627359507e-02,6.621905812346434717e-02,7.628348229647276268e-02,7.088228856828734936e-02,7.583121502956757798e-02,6.298858981872289264e-02,7.528280591241455488e-02,7.405806686863451727e-02,7.666299245210636548e-02,7.359055189087775062e-02,5.963668111656052900e-02,7.582339799504569933e-02,7.669061548814240514e-02,4.538813759495826522e-02,2.371391009296467192e-02,2.039012044806547998e-03,1.971052639370563311e-02,3.467175698369824935e-03,6.209121006718020842e-03,7.060162471426002784e-02,5.768379102622709503e-02,7.052109256729351128e-02,7.488516445869451699e-02,7.410022570084795479e-02,7.593028087729009057e-02,4.103709240673995839e-02,6.020085200687323029e-02,3.537970393029941235e-02,7.674913198029917338e-02,4.955217633583033909e-02,5.453920521929112725e-02,3.190269231975998571e-02,5.804143071827395223e-02,5.764841919901823181e-02,7.531941890988662347e-02,6.913785176838545266e-02,7.571454458512334729e-02,3.146805235168029236e-02,5.029499728817661552e-02,5.589401618966829965e-02,7.394379182952051655e-02,4.673020378545317960e-02,7.247812871466072226e-02,5.689682765853499441e-02,6.703687074351177833e-02,0.000000000000000000e+00,1.700823916183437715e-02,1.948785364382144003e-02,1.962325578268385093e-02,2.258243684724290171e-02,1.973437217560565504e-02,2.363396185585487502e-02,6.832890077646687488e-02,3.524445961284251860e-02,3.663335299303690368e-02,3.982380830102837804e-02,2.243837142891451711e-02,2.598435633977541626e-02,6.690201407500459552e-02,7.346448539421603086e-02,7.015392792229636909e-02,2.883980380501109664e-02,2.243466031397559415e-02,6.353883175426958130e-02,7.085114146994346551e-02,6.117182477317326811e-02,6.566168944305460220e-02,7.075123145588596563e-02,6.872027655086121456e-02,7.517387851629350748e-02,7.214279893843515701e-02,7.512201716793513728e-02,7.526562850534282423e-02,7.578291454983603070e-02,7.404363101765100430e-02,6.661433829346809221e-02,6.615592953276061561e-02,7.088203104269598376e-02,6.998942536690382077e-02,7.659013507152369338e-02,7.239958945088728615e-02,6.202095316453742901e-02,7.391077740239709870e-02,6.152070138918874775e-02,6.821939689300915433e-02,7.072655659347037993e-02,5.501702988321095777e-02,5.421843023922871124e-02,7.136382896743809212e-02,7.357559063660341903e-02,6.508862378575153151e-02,6.828772592658963192e-02,6.025298814994590330e-02,6.827525495170777559e-02,6.270590141333413914e-02,6.731109393151736564e-02,7.414377166038572942e-02,7.592904633299005224e-02,6.997246904992474037e-02,7.579451127349864925e-02,6.934380347699636848e-02,7.621530542552820697e-02,7.786766542267764546e-02,7.347061041059289865e-02,7.664012798587362119e-02,6.058163705685737366e-02,1.377188863099773619e-02,6.190935261516667537e-02,7.617402942237509744e-02,7.685766980299280071e-02,7.090566409949845827e-02,7.442048828199762656e-02,7.724447805271549006e-02,7.512166908759754236e-02,7.497474506738754929e-02,6.810114961665669764e-02,7.445859721303264844e-02,7.475394732756537874e-02,7.547231758155174830e-02,3.831927710446854374e-02,5.052054512199057046e-02,5.460231819792436131e-02,6.429527249615672735e-02,1.723455583135301283e-02,2.019445629351841742e-02,2.050628548562970915e-02,7.186258418282577554e-02,6.855040649889150572e-02,7.618433815956279775e-02,7.522130061028887982e-02,7.310630027971340428e-02,6.708219653496309831e-02,7.559534197173957415e-02,4.102797583588095598e-02,6.887889008380980449e-02,5.940195998854643639e-02,7.420218052045229884e-02,6.491854141405833944e-02,5.864313713040483073e-02,6.156837016195473161e-02,6.983039588320291702e-02,6.664274391538968501e-02,6.825833612609541468e-02,7.606533262839676457e-02,6.713720963647720752e-02,7.627527888493268460e-02,4.816611368789389114e-02,6.951522030447310208e-02,7.151226522313136602e-02,7.070665907151084395e-02,4.578634016057241130e-02,4.312990550004380114e-02,3.719976295949710410e-02,4.063691537488373778e-02,4.139571830890321352e-02,5.777661525967588141e-02,6.611879811500864790e-02,7.496938269068201266e-02,7.017770833814286624e-02,4.253190483920631093e-02,5.040911299646828186e-02,5.707001887877325569e-02,6.673313725710491862e-02,6.645548065805065296e-02,7.056196564333101773e-02,4.262091587746189708e-02,6.106818467119756733e-02,6.744789082964883220e-02,5.015923891257761946e-02,6.606478819261880908e-02,7.039060333557482785e-02,2.757446177862139802e-02,7.561309357962701927e-02,1.891954247918635132e-02,2.484426036124748327e-02,7.165055569649490808e-02,7.101454222310789322e-02,7.010835762803775684e-02,7.409111980932830965e-02,2.880439561185783870e-02,3.888126538395325626e-02,4.397891394376643448e-02,1.324121006402393524e-02,6.024288693010732693e-02,5.740084307467575170e-02,1.012101750996735432e-02,6.555134288734117132e-02,6.826047337227633682e-02,6.022401783379187357e-02,2.416896876900087240e-02,2.369721536343527557e-02,6.662412720011343104e-02,6.199567790757604807e-02,6.647662056992600932e-02,6.553330844982002690e-02
1.365319659177363087e-01,1.417496366018960730e-01,1.314472872602049369e-01,1.389279353515672777e-01,1.330648161391773387e-01,1.318638644739985322e-01,1.340263832434502589e-01,1.436199016077805424e-01,1.145889239007126664e-01,1.437742250189163185e-01,1.429528189090463197e-01,1.451765953014843846e-01,1.378274375693420706e-01,1.493042716270280845e-01,1.455269399572780009e-01,1.488017264811722085e-01,1.481519344664259663e-01,1.496686949182729209e-01,1.474457299018530343e-01,1.484689690596351641e-01,1.336193624637690980e-01,1.417734738245628734e-01,1.365205496894379700e-01,1.436889554572756411e-01,1.408283479381330916e-01,1.449311369791509152e-01,1.361981440691484302e-01,1.407779000028184513e-01,1.168170806745289503e-01,1.272909674506687294e-01,1.439971046621728867e-01,1.366216374211220164e-01,1.254021785853505766e-01,1.386918729269432937e-01,1.496684404887359543e-01,1.487419162211519319e-01,1.485679940010347921e-01,1.487483972530454224e-01,1.464181721274730730e-01,1.493549678328772445e-01,1.434962882297699527e-01,1.494678222820299829e-01,1.337735707234199711e-01,1.375327493709513071e-01,1.483953768386752081e-01,1.491662568458559657e-01,1.489017878696716757e-01,1.054855421587001935e-01,1.487198335713212638e-01,1.449464734814443767e-01,4.560291421786700355e-02,3.111742512111152076e-02,2.659200680810479625e-03,1.282190306412908480e-02,3.107603617200187674e-03,5.091440426368732015e-03,1.342085527041973758e-01,9.140971454344504199e-02,1.445353406670665530e-01,1.393708796230831992e-01,1.460856989162038488e-01,1.323091436557981837e-01,1.212468372665781308e-01,1.166314393753939277e-01,1.404088700203677820e-01,1.033639959301541483e-01,1.645472268274932731e-02,6.592317496376894070e-02,8.161749536039009101e-02,7.692953011796399565e-02,6.952293883506553696e-02,1.369699634539372213e-01,1.361324997701239825e-01,1.379964268399096194e-01,6.183980976741342006e-02,8.396691486225311973e-02,1.198423960541012689e-01,1.208862544436104247e-01,9.651500255617763424e-02,7.304222406828281278e-02,1.145718200076078774e-01,1.136983454667229859e-01,1.700823916183437715e-02,0.000000000000000000e+00,1.255852729741739338e-01,1.223671165493609020e-01,9.968088818692316666e-02,9.356556794113193853e-02,9.034543541518161303e-02,1.058328434786640626e-01,1.340266323688211192e-01,1.101255986191726627e-01,3.261763619532095926e-02,1.204214405711899472e-01,1.249091881585320529e-01,1.214299907910863091e-01,1.371531698756360274e-01,1.351429017611819328e-01,1.278778515219774203e-01,1.191758007814738562e-01,1.335184861783376142e-01,1.489378887240759564e-01,1.457732632119429494e-01,1.481070912711070497e-01,1.462193659835789028e-01,1.413262972555863473e-01,1.383072306345302926e-01,1.412557410916222833e-01,1.459041167171873654e-01,1.470427247200415677e-01,1.435791765163955958e-01,1.462546107506025317e-01,1.488038609143923774e-01,1.416042264152165830e-01,1.441459138741429669e-01,1.422692893359760180e-01,1.493725789892840494e-01,1.474932958379320258e-01,1.465539051015766481e-01,1.414507030882467542e-01,1.244563294593335895e-01,1.434260878867292532e-01,1.403901228506928001e-01,1.396770852205728997e-01,1.359343243700795179e-01,1.428802398524727790e-01,1.442709297878266572e-01,1.440696582590430541e-01,1.422906556185371263e-01,1.361102584755626843e-01,1.290156479124578148e-01,1.352104478937611043e-01,1.332168937400459718e-01,1.452019663112410486e-01,1.507595580082929654e-01,1.439716234589884791e-01,1.492429449028535027e-01,1.497242386705443795e-01,1.459520718280075402e-01,1.482358659857377359e-01,1.496465063803399942e-01,1.495984429615710154e-01,1.468517772618700423e-01,1.697414797252905921e-02,1.471840309812638414e-01,1.493136707346192638e-01,1.475871019759078251e-01,1.447179389501393187e-01,1.476402630741546484e-01,1.489385236401673251e-01,1.473631441488450211e-01,1.466099367269204368e-01,1.202073951628812865e-01,1.154893333953890822e-01,1.491717134167543646e-01,1.443334622077845353e-01,4.689649848710951419e-02,1.245751033225166865e-01,9.122623477712771267e-02,1.302575171865821002e-01,2.698770153310976402e-02,2.997113049452515901e-02,2.407224224753156880e-02,8.450399944880279679e-02,1.150199398138624651e-01,1.447563762315148550e-01,1.517376434759084292e-01,1.439124488204654162e-01,1.144942596623969022e-01,1.023116867564934918e-01,6.378414185228310773e-02,1.200359727301481827e-01,9.167402586654935237e-02,1.251929572984157302e-01,1.111036751277880291e-01,1.097364804005176442e-01,4.441775845309359205e-02,1.046841669649813261e-01,1.376567646874592710e-01,1.004421810740682014e-01,1.454378163040015992e-01,1.206369685592385277e-01,1.432452080768549796e-01,1.077656096033393629e-01,1.089887024381926001e-01,1.256962857642316134e-01,1.246261350979749327e-01,4.300745467091489360e-02,1.181803476606459041e-01,8.462152040958240140e-02,1.310115404829699237e-01,1.071041025890185350e-01,1.355159877756769438e-01,1.238735868442260163e-01,1.415886332619442356e-01,1.306272176460967216e-01,1.417784885059063804e-01,1.426156330325922539e-01,1.283249258691843420e-01,1.462072838950498888e-01,7.054304563295035746e-02,1.139219040717933257e-01,4.541363195326842545e-02,9.027390418468257682e-02,8.688668246926478655e-02,5.481292209986921016e-02,6.547229365373360976e-02,7.348738436882118474e-02,2.401775993439443646e-02,9.505998898352867321e-02,1.891797759940648874e-02,2.530356266812993152e-02,1.472103392741341277e-01,1.418730456775964544e-01,1.417386999149607141e-01,1.084890867302914230e-01,2.371893459406695243e-02,3.285700803213097848e-02,4.471409583147480798e-02,1.473232800489833287e-02,8.375638354106364203e-02,5.243131430003170751e-02,7.186101685030883875e-03,6.557989027940280824e-02,7.417096924733387886e-02,5.889013968519630354e-02,2.339161720156121560e-02,2.179831242025912982e-02,1.383645369206292497e-01,8.697822800135672494e-02,1.170851021339918280e-01,1.398222238248042482e-01
2.633986037515643752e-01,2.079671206380650228e-01,2.824941770965260224e-01,4.622184189516006514e-01,4.682591359724855296e-01,4.385510084110319506e-01,2.489939186520544745e-01,3.555055406400437490e-01,1.166082678430609837e-01,4.129198173146608197e-01,4.014000608820617044e-01,4.682261382622366352e-01,2.123304323915009284e-01,3.588263249269006971e-01,4.105095536590919192e-01,3.380458796967477642e-01,3.038797067803323815e-01,2.655886291936999655e-01,3.062774146159000788e-01,1.536260921042092442e-01,2.270941440778887765e-01,3.723973951982915698e-01,1.325478788276640008e-01,4.323778251109414716e-01,3.882516005871825548e-01,2.232909396562515192e-01,3.548994089999713553e-01,3.741281643387731615e-01,9.883204927716320032e-02,2.604307742822663529e-01,4.612974787467005733e-01,4.686949725207678608e-01,4.668922689191128961e-01,4.679723855785484221e-01,3.350432864304018765e-01,3.935640734280367870e-01,4.057538919428093083e-01,2.308023059111735942e-01,3.697687204329190291e-01,4.647096213869686410e-01,2.190937682532580200e-01,1.801612842517466284e-01,3.974388582049199203e-01,4.298023082813295925e-01,4.108523268883428337e-01,3.098218085026194779e-01,4.638337263761491691e-01,3.981281883359271134e-01,2.621634267843920285e-01,3.320988893813038301e-01,5.110467847437440841e-02,4.465574008251011612e-02,6.150146498819454056e-03,3.078542400174965124e-02,7.508928182288645767e-03,8.033741287334411965e-03,3.368240538402401119e-01,4.676767270784834007e-01,4.638834519454176908e-01,4.643381530999616813e-01,3.681650659194947162e-01,4.583244278997221088e-01,3.412313129448164561e-01,3.470725099636817745e-01,1.953247609896871517e-01,1.036725804286355440e-01,6.326266792091889135e-02,4.468070129477024199e-01,3.771518601768382717e-01,4.398803196191256037e-01,4.510344793118257201e-01,4.686597329977427728e-01,4.611274380351478297e-01,4.128410122053055575e-01,3.800974490492724511e-01,4.418184802603747907e-01,3.995981052262200794e-01,4.251394996989507624e-01,3.925568436161891439e-01,8.499482424949308945e-02,1.867630579288810655e-01,2.885555839210902085e-01,1.948785364382144003e-02,1.255852729741739338e-01,0.000000000000000000e+00,1.017665105752774274e-01,1.681768577890404848e-01,2.813294125494245623e-01,2.928379703000265621e-01,4.666268089892405824e-01,2.945957001847117618e-01,2.001157416103951370e-01,4.320701436081985508e-02,2.440554794529553873e-01,3.114890768458142833e-01,4.658746514847201259e-01,3.658162628572689257e-01,1.587109658787022037e-01,2.361735774647837904e-01,2.352413031226017193e-01,3.094230470221878693e-01,4.028609766423644212e-01,3.750074205173542508e-01,3.193708346945638432e-01,4.527346404536889968e-01,4.663499941959513007e-01,4.091905996456108863e-01,3.002566950090925779e-01,4.688338231182041516e-01,3.163595499379474596e-01,4.384606852684469480e-01,4.277616910474135725e-01,3.183497010457193022e-01,3.227059257825071747e-01,1.607262282344477933e-01,2.124932520949740500e-01,3.146608987097921362e-01,3.385789313762369579e-01,2.291550711021744235e-01,1.750438644834726165e-01,1.251010993947926642e-01,2.951783648406231531e-01,1.416092291847996787e-01,3.540206249669847760e-01,2.945076009941683393e-01,1.609432648952289768e-01,3.608117648543243683e-01,2.946511564085321222e-01,3.640107441347554262e-01,3.822959043275482860e-01,1.715292223264273663e-01,4.677693619512763856e-01,4.688882214179284635e-01,4.577767024593299983e-01,4.501705253783510607e-01,4.684785304397925954e-01,4.679405821074490990e-01,4.689926296102996384e-01,4.693954648098665472e-01,2.752669612746816430e-01,3.475179666349785812e-01,4.673474506317356614e-01,4.165919546443347388e-01,1.428433536419273890e-02,1.261241801754160452e-01,3.347078362869315149e-01,4.131062821245058969e-01,1.552502444242733759e-01,3.914731822573378484e-01,2.245828689841892212e-01,4.675611646582266689e-01,4.244979706523243079e-01,4.494003504319727393e-01,1.160334122724307609e-01,3.346445049938265859e-01,3.636907835697780755e-01,5.229288077967528953e-02,1.291114371885841994e-01,1.058558137936217031e-01,2.676435328091268939e-01,2.648276880818745474e-02,2.564552889199221697e-02,2.772923747294519722e-02,8.671210389460355661e-02,4.695271592166731511e-01,4.485874906231240300e-01,1.801068915531145453e-01,4.659678007900344143e-01,4.702133376608181314e-01,1.004529657943333543e-01,8.637956223672511868e-02,1.865707390494854845e-01,4.473065186017224359e-01,4.653786763957557526e-01,4.556434175471994474e-01,4.558205960901806075e-01,6.665284195616294483e-02,4.683506530486616359e-01,3.403727013386919076e-01,4.622161462199761428e-01,4.667266888767122590e-01,4.573268705153780145e-01,2.915962227119430761e-01,4.049696224771742736e-01,3.928200176987476366e-01,4.585535679782226648e-01,2.624525703679183586e-01,4.595718148230924782e-02,3.805486310893420043e-01,3.265206071428353174e-01,1.149403047347748313e-01,3.782306546425137084e-01,4.256487626594092077e-01,4.603095447806554996e-01,4.328646551512906893e-01,2.616026108690207019e-01,2.491163601250898085e-01,3.098418977428364363e-01,4.387296640709819062e-01,4.297720419961726379e-01,8.634965868817402745e-02,1.245901456581403333e-01,4.921729327394780418e-02,1.001847791460900305e-01,9.528811582913226941e-02,6.085352904207507602e-02,7.012716826487322419e-02,8.636445511507540029e-02,2.777124777666332284e-02,1.003061458099367143e-01,1.861478911154300017e-02,2.509608702623244633e-02,1.650425569927325975e-01,1.881735749618741738e-01,2.058983509533008627e-01,1.008551992239272443e-01,3.954163455111888575e-02,4.429474731096345180e-02,5.700429313095980305e-02,2.171862575158102493e-02,9.768268806011326522e-02,5.754187865261338464e-02,6.800051058496806022e-03,6.647061178901210454e-02,8.131592437595321077e-02,5.821075392239238172e-02,2.385895765045138381e-02,2.205137492779479097e-02,1.865344522596117105e-01,8.221053575008564762e-02,1.133313819044740323e-01,1.615055786796535942e-01
2.726078172092092911e-01,1.936639775213121473e-01,2.856538167146479013e-01,5.051774353039106824e-01,5.719382281178764238e-01,4.412466041177585119e-01,2.465329440757914048e-01,3.571806843692668654e-01,1.149246119606985722e-01,4.137710021613094091e-01,4.021523518591661461e-01,4.796846572202881909e-01,2.123030120227101247e-01,3.608320671877063845e-01,4.107658860142158752e-01,3.384253697145767070e-01,3.026648260061674534e-01,2.714120660043402578e-01,3.043034833308402853e-01,1.537282298575338713e-01,2.342446600094636455e-01,3.937997874665243869e-01,1.344659809704827902e-01,4.321006806936640299e-01,3.888767344295802064e-01,2.228082851721286672e-01,3.535332207337777422e-01,3.673694551147973497e-01,8.914366518607581835e-02,2.592914704409765569e-01,5.721186212762705559e-01,5.717312751001601967e-01,5.710588964138163526e-01,5.715145235020824277e-01,3.339338815596094578e-01,3.956879331742043648e-01,4.043183817667155844e-01,2.203254604479449874e-01,3.835382929737973234e-01,4.874849929743016452e-01,2.177023190541120257e-01,1.764187014095341122e-01,3.892096696908475817e-01,4.175400733192524139e-01,4.107596494561445155e-01,3.131336832423567418e-01,4.980251783991733738e-01,3.946420398035134225e-01,2.630272597174979632e-01,3.311855733585625239e-01,5.085551016120368195e-02,4.028506784338847790e-02,6.056951861805729732e-03,3.150332634216765348e-02,6.878667413573366293e-03,7.316326323213762778e-03,3.419595368919624012e-01,5.525372118833271617e-01,4.687179119503134817e-01,5.465646899360976363e-01,3.681221294631923380e-01,4.903504246489649443e-01,3.004593092801569609e-01,3.219469191619699355e-01,2.125389722885468735e-01,1.077104460405790276e-01,5.579388862978588992e-02,5.061127396280971080e-01,3.272507188698619007e-01,4.062671671802348117e-01,4.614040099080570223e-01,5.676393908058944282e-01,5.630537284558044808e-01,4.143906373311877500e-01,4.290775910883012911e-01,4.316424689139551907e-01,5.356597333382452364e-01,4.215466036500973290e-01,4.946021118513720394e-01,8.500206738004144336e-02,1.923675997967565776e-01,2.937366766050723554e-01,1.962325578268385093e-02,1.223671165493609020e-01,1.017665105752773996e-01,0.000000000000000000e+00,2.179469127361337855e-01,3.636701524522515383e-01,2.303446860347764802e-01,4.692085704523193956e-01,2.972639173417693792e-01,1.961371661150436430e-01,3.912134147169463172e-02,1.605927081214348628e-01,2.327930367548778912e-01,4.855970727424317457e-01,3.667255227113664917e-01,1.579650201650709684e-01,2.511421045812211594e-01,3.761073139129894605e-01,3.133307141048119471e-01,4.105874250876323517e-01,3.749277651604390749e-01,3.211871981201661619e-01,4.559786382013057970e-01,5.268419574371349112e-01,4.066981409259315394e-01,2.969670433226359041e-01,5.283760086508368925e-01,3.153104978616390053e-01,4.381092004626488401e-01,4.265514108179781494e-01,3.182517169311236960e-01,3.230251936765065057e-01,1.617029431789430705e-01,2.154776883521469510e-01,3.191731524136906528e-01,3.401389743169797031e-01,2.341782085534686031e-01,1.737620243346231774e-01,1.269945970736952034e-01,2.967191090813233179e-01,1.413624166005048033e-01,3.936822428179793665e-01,2.935233181751614739e-01,1.610410065651302070e-01,3.604800806479395714e-01,2.873546582989717768e-01,3.672118354313819721e-01,3.789052765350274798e-01,1.710411231050704139e-01,5.701841449811736462e-01,5.709338422538490221e-01,4.578363482832702447e-01,5.558881188511447524e-01,5.670039606045983449e-01,4.952958742037594786e-01,4.897760010762687855e-01,5.585193758735719216e-01,2.760854010329246710e-01,3.484853491303113726e-01,5.493419198171721751e-01,5.246968509096997524e-01,1.550486800679386212e-02,1.325857979384873764e-01,3.349186991595867746e-01,4.057752942585030054e-01,1.576881737034112330e-01,3.711882746268320710e-01,2.277908272926217892e-01,5.311551749890890406e-01,5.344696385857518051e-01,4.740780562948606058e-01,1.167366668930714668e-01,3.347426997374589597e-01,3.578387255974783132e-01,4.973665218725738940e-02,1.357487035589301783e-01,1.116934322540930336e-01,2.811088368175404528e-01,3.568958823157808435e-02,2.957976617120069637e-02,2.853736359768139358e-02,8.819344657132523191e-02,5.679288494673564447e-01,5.623447077587829801e-01,1.755632649955571889e-01,5.110193072950214299e-01,5.717910444506721923e-01,1.010957134657338441e-01,8.981398581639768453e-02,1.817907115503075710e-01,5.417519103816790249e-01,5.721850768231224738e-01,5.451744028819309751e-01,5.673013719698044577e-01,6.317005936033145974e-02,5.425833642949278168e-01,3.409902992103631680e-01,4.586956826924307173e-01,5.687578300508071560e-01,5.690540729041038137e-01,2.934539638013793916e-01,5.468727914472513163e-01,3.919709659931980839e-01,5.344531636979273914e-01,2.645690070827291240e-01,4.412168956568166683e-02,4.741954986583209464e-01,3.135554916556888005e-01,1.560418861532380241e-01,3.926882674781136950e-01,4.910794924137194539e-01,5.719664018902114178e-01,4.365342736282739056e-01,2.568268488738675304e-01,4.065768827975572708e-01,4.506938747046987936e-01,5.621397965453153178e-01,5.459576756121283792e-01,8.606637446682244286e-02,1.210837216007702721e-01,5.300830156104720248e-02,1.038109175800165651e-01,9.355531454922486057e-02,6.200528086915071957e-02,6.997822623612562354e-02,8.698612784032531964e-02,2.930524842441476971e-02,1.004214558021675752e-01,1.873542730167504153e-02,2.581388274745853931e-02,1.680492968409307286e-01,1.909257951639516948e-01,2.098277291166895930e-01,1.045533491251191133e-01,4.064863167815849915e-02,4.281742731851648914e-02,6.027917702661307608e-02,2.030524088438787761e-02,1.058556834587867229e-01,6.115700090939378553e-02,8.341179683671508943e-03,6.821175094754741708e-02,8.452482125697173554e-02,6.076057410195297853e-02,2.325421994008639026e-02,2.304814750745583229e-02,1.907332750795436571e-01,8.469536585437509313e-02,1.137812043584166682e-01,1.632803166077562707e-01
2.619740549368910765e-01,2.079704907028060989e-01,2.643258806991551912e-01,4.945509631067931955e-01,5.676710994880627137e-01,4.328200469939811335e-01,2.486831472996559600e-01,3.519660436776813062e-01,1.132417822307402872e-01,4.104866779655166331e-01,3.980772728941048832e-01,4.772851770785168646e-01,2.198302184668051718e-01,3.590781494820572961e-01,4.105021736302946200e-01,3.389003402295374667e-01,3.009539523241008263e-01,2.691632873244508284e-01,3.083509941948398003e-01,1.530546759117853983e-01,2.734113918385742137e-01,4.650204332516672534e-01,1.393020387098301838e-01,4.415126638552880900e-01,4.080916582259108694e-01,2.240605422011852366e-01,3.584102574659027707e-01,3.888858838707178189e-01,9.926555179710434829e-02,2.582766762525422477e-01,5.578710381779166116e-01,5.775097287260915202e-01,5.708024391867598801e-01,5.792457403322524012e-01,3.347897555993557539e-01,3.945581271047618466e-01,4.047735689780289081e-01,2.305536433554514208e-01,3.691376969686799292e-01,4.847813990900062819e-01,2.159249867769110487e-01,1.692985407724575675e-01,3.954783628535704088e-01,4.314942293194131140e-01,4.125622776311952955e-01,3.115916254807852281e-01,5.068516248627802367e-01,3.087243126731864518e-01,2.655209181365605908e-01,3.361566097603951309e-01,5.168417737381540700e-02,3.927831772455833703e-02,6.581914158894822120e-03,2.610414492245345663e-02,5.436082523877983595e-03,7.937214344666600543e-03,3.500454883831358721e-01,5.456507705363361493e-01,4.707899972723044724e-01,5.480959210695701689e-01,3.649539336825440294e-01,4.901636969878983563e-01,2.796275337807251904e-01,3.163675297115728924e-01,3.243008432887946046e-01,1.075707017287419326e-01,4.904347756631375482e-02,4.761343618620218487e-01,2.880398093726624364e-01,3.961042396513717034e-01,3.971516732124794613e-01,5.761387395613518647e-01,5.272434949040799568e-01,4.091102592941027738e-01,3.969661158053400252e-01,3.747837411061594737e-01,4.661831682111664543e-01,4.182865197438318527e-01,3.890137011001751355e-01,8.392951467488313222e-02,1.644873079608641375e-01,2.780446072339164965e-01,2.258243684724290171e-02,9.968088818692316666e-02,1.681768577890404570e-01,2.179469127361337855e-01,0.000000000000000000e+00,3.086922598853898969e-01,2.540184121192065048e-01,4.547514478724057341e-01,3.213706315365437161e-01,1.969508466580008055e-01,4.023292488584688520e-02,2.750121698388176550e-01,4.387914554419196644e-01,4.610331151205595557e-01,3.610082088392154720e-01,1.543401848182071601e-01,3.186553233154748033e-01,1.841511863887515255e-01,3.063419210482302701e-01,3.942820477143896829e-01,3.741747988482521103e-01,3.247622163572938536e-01,4.443862707443241300e-01,5.174189270545246355e-01,4.057408827341611457e-01,2.989670916151480062e-01,5.273476159351283554e-01,3.144330781023186860e-01,4.353888316258240909e-01,4.261754782300772315e-01,3.233645999838239415e-01,3.259838543011184253e-01,1.619530228190554366e-01,2.155974195526742521e-01,3.140280096444202362e-01,3.414156695166810085e-01,2.320226214591635527e-01,1.694755395899303907e-01,1.276559872612754720e-01,2.968230339595415712e-01,1.419207812468827601e-01,4.264523655040003414e-01,3.786333958514452869e-01,1.655191894194651403e-01,3.658780961311401403e-01,3.153204701764665829e-01,3.790047170544981192e-01,3.848358537459398154e-01,1.672092878146658745e-01,5.545762021669331521e-01,5.696163697268643578e-01,4.647997157457596784e-01,5.716630902297340500e-01,5.812204835213884424e-01,4.899476959066712545e-01,4.897972047513570182e-01,5.742049216106741572e-01,2.694896320291124137e-01,3.481076387414566709e-01,5.470727752094222129e-01,5.054650434604829323e-01,1.650768175623069933e-02,1.481740841056458091e-01,3.292698990467897158e-01,4.099683361658481018e-01,1.543279506375851151e-01,4.010165602145101538e-01,2.262897737442516322e-01,5.199836708699203669e-01,5.493559319628033011e-01,4.251031432673232358e-01,1.159119975292313837e-01,3.330636002219279357e-01,3.700210123051091982e-01,5.047209966506879808e-02,1.268108928865017970e-01,1.077110773549144057e-01,2.581651580383854117e-01,3.253836892744848414e-02,2.386912147421589234e-02,2.708803253537546765e-02,8.483606855813689840e-02,5.566924070472378805e-01,5.726620687874610649e-01,1.839288580488203373e-01,5.182076752321208568e-01,5.756911213820581352e-01,1.010163827967424099e-01,7.772672369727205710e-02,1.834726844484398933e-01,5.178486815889523642e-01,5.773572842985881248e-01,4.781983992352172308e-01,5.229112241779514392e-01,5.767862863561130926e-02,5.216817269600697582e-01,3.224403869032407277e-01,4.472513962234857532e-01,5.743295600247706467e-01,5.345151735936174431e-01,2.928701012777578661e-01,4.264606079498270419e-01,3.725420296060101277e-01,5.153958493490868875e-01,2.612184174470132958e-01,4.563169822480758059e-02,4.031629549124381984e-01,2.962239545425480736e-01,1.122614280948014548e-01,3.515830979479130369e-01,4.698703380622765158e-01,5.348171771266839736e-01,4.275184096214988960e-01,2.573688861994898880e-01,3.605323303160713477e-01,3.979670462343015691e-01,4.958795021384113100e-01,4.985028261399220284e-01,8.337469709080268243e-02,1.236375188333093122e-01,5.250097917956277754e-02,1.030516395197916268e-01,9.413100059035278688e-02,5.965598412173057224e-02,6.722537585421886619e-02,8.151735845348868914e-02,2.797746362939316708e-02,9.949784760507271453e-02,1.957663515444467428e-02,2.530758257444225626e-02,1.662349659635067312e-01,1.890612990376296654e-01,1.985073381827098249e-01,1.030158817863904563e-01,3.338651881037595776e-02,4.211890214265978649e-02,6.029802077654918685e-02,2.135371214127538414e-02,9.781446401385328338e-02,5.549594242445231307e-02,5.297503655994451749e-03,5.972496327015989342e-02,8.071579036423563724e-02,6.003050699414991254e-02,2.194585260707660607e-02,2.230698788435951999e-02,1.852510630625096022e-01,8.447812252232853036e-02,1.064323325269269233e-01,1.561283303804275879e-01
2.618246165956790716e-01,1.957698491576851108e-01,2.770776969171288018e-01,4.927341817180859174e-01,5.661241105015587527e-01,4.318725260821515421e-01,2.484258107149424355e-01,3.562687119225482202e-01,1.154423504172135545e-01,4.134684975497842641e-01,4.006954796415916897e-01,4.790494926468657488e-01,1.975304028625925190e-01,3.590892028712188710e-01,4.098721884028471152e-01,3.382580895826040601e-01,3.016765003358529151e-01,2.693447125258299213e-01,3.042394872824652485e-01,1.532932156678893931e-01,2.827547143557839204e-01,4.703961037732138917e-01,1.375080073620545407e-01,4.425052672668469689e-01,4.196333926926288371e-01,2.229414338772612858e-01,3.528669562202732535e-01,3.824939254299917213e-01,1.007327860148872212e-01,2.551153486676411841e-01,5.781909100254775113e-01,5.906111521604480163e-01,5.807231304961587570e-01,5.944949191624724349e-01,3.341158191854768367e-01,3.950041370617585201e-01,4.046237712389355590e-01,2.302930594046919688e-01,3.878395543793113354e-01,4.831809434459409802e-01,2.174419471239981694e-01,1.753474206653932166e-01,3.846903673578266902e-01,4.278022799580376567e-01,4.104267176350413493e-01,3.113470236139876390e-01,5.083058182405144620e-01,2.521278262989808394e-01,2.646586644818481604e-01,3.179280519712986419e-01,4.586681279229740116e-02,3.344035151879900386e-02,6.115648774959592596e-03,2.899681162738531812e-02,3.584164142824689068e-03,8.580063338588626506e-03,3.484737623478756374e-01,5.854013575878781461e-01,4.691648115230606653e-01,5.428463921030088901e-01,3.667409671867542520e-01,4.865585256699657135e-01,3.949140184747712556e-01,3.379247106486764074e-01,4.619020847558865661e-01,1.071522917380516166e-01,5.097053076452119635e-02,5.196193100797579234e-01,3.107417907323843931e-01,3.847542513312713353e-01,3.912748314804475602e-01,5.922338418722414843e-01,5.498997800711981077e-01,4.034464450364354526e-01,4.447057144761968894e-01,3.817809110992765875e-01,4.877003392366993095e-01,3.963392154429810077e-01,4.843590796932421005e-01,6.665622575534195515e-02,1.455084968694270176e-01,1.544463783071037266e-01,1.973437217560565504e-02,9.356556794113192466e-02,2.813294125494245623e-01,3.636701524522516493e-01,3.086922598853898969e-01,0.000000000000000000e+00,1.658218345582698483e-01,4.293543105820969985e-01,2.846094960983930333e-01,8.593622512400631019e-02,2.684095990715037322e-02,2.332859886808809069e-01,4.031916956399368979e-01,4.805504276230964655e-01,3.654231187245322032e-01,1.539890813546068715e-01,4.167654714994580845e-01,4.247404145352460803e-01,3.003869579526531886e-01,3.932127582499144736e-01,3.693905617449879664e-01,3.131475417221080138e-01,4.377177654961950104e-01,5.135577480828911190e-01,4.078562183971364274e-01,3.000724335970957890e-01,5.298487924167375462e-01,3.163165920808316822e-01,4.382032035239986634e-01,4.254057351274547760e-01,3.239145518182136585e-01,3.214291058984085070e-01,1.552153574686609694e-01,2.127992437529173664e-01,3.216216711486531432e-01,3.362591179095418270e-01,2.318698980589984637e-01,1.724458911821190599e-01,1.220382560066600036e-01,2.888256977966603967e-01,1.391173253718809844e-01,4.383772780670322500e-01,3.858717207389187331e-01,1.642728507912047664e-01,3.663716639482084703e-01,3.132447635369128291e-01,3.786272355196010353e-01,3.754853446178320064e-01,1.648531469631688839e-01,5.868765140769574007e-01,5.808569135628864899e-01,4.614379691585084875e-01,5.737214574870062034e-01,5.956381168904081314e-01,4.944355963223679984e-01,4.900021497209748889e-01,5.911424004996884696e-01,2.776576880454884044e-01,3.493256703415741349e-01,5.492861886860309628e-01,5.186183981274479216e-01,1.517429367418035926e-02,1.485163568486751740e-01,3.348793462813640653e-01,4.144091980893046534e-01,1.492671323643250947e-01,3.979340315795212857e-01,2.277399200949519753e-01,5.270787584165903539e-01,5.697039700219462821e-01,4.187324645905258214e-01,1.087032193597562840e-01,3.352528841009700389e-01,3.755554117163569794e-01,5.533469510369170424e-02,9.320153764676403219e-02,9.571402085469686571e-02,2.505582273233383228e-01,3.043447685691211269e-02,2.312779584025718982e-02,2.422092646447132624e-02,8.515100952928054967e-02,5.737268076417451068e-01,5.817812609574087857e-01,1.769053021873539522e-01,5.112430166003024690e-01,5.958583469579032954e-01,1.027773777101308739e-01,6.972381276392336513e-02,1.843355894442496312e-01,5.504636081921938651e-01,5.766660402390317852e-01,5.158717189790555935e-01,5.786901076462951377e-01,5.883639968567096895e-02,5.304358756265855623e-01,3.179525810210722114e-01,4.529596618072512237e-01,5.947467670693075137e-01,5.799433691816516800e-01,2.906120036567182430e-01,5.085889389067429489e-01,3.857443300961400090e-01,5.180478258747617248e-01,2.186835108712235909e-01,4.222680723287749321e-02,3.550377725470542645e-01,3.121242296859740306e-01,1.180730489179877135e-01,2.797084152426955739e-01,4.652830722055628643e-01,5.777905189746513903e-01,4.362105058258854973e-01,2.602144863359427407e-01,4.182791470490633823e-01,4.516727098906164195e-01,5.411991983187109945e-01,5.349726870438995530e-01,8.201548435472659493e-02,1.209910765325083598e-01,5.219038720857309410e-02,9.983884270703748121e-02,9.352969789374646070e-02,5.771228596028242508e-02,6.645702124922941989e-02,7.872241922209413656e-02,2.562310444484581021e-02,9.728634144019629448e-02,1.912445971063901629e-02,2.441476736405522041e-02,1.619361896670282741e-01,1.882660128459918980e-01,1.949003905318122121e-01,1.006086404476778939e-01,2.720878056485170546e-02,3.762329568659340123e-02,5.088267123218723209e-02,9.915797869511234347e-03,7.815220792088682644e-02,5.295221658034436618e-02,4.164134885502322400e-03,5.348669653000413804e-02,6.326317892921916319e-02,5.437852731166024217e-02,2.055525009849613893e-02,2.136976642633510448e-02,1.720084409559898553e-01,8.126928846626819969e-02,9.301799132656680957e-02,1.426413630036072744e-01
2.758652900201958857e-01,2.153463583435404616e-01,2.804021913276629752e-01,3.864541495239945945e-01,3.917562863979173193e-01,3.905403142104616476e-01,2.487712926649744694e-01,3.573951597472372343e-01,1.148846967521118256e-01,3.927548637096524020e-01,3.932457130815761315e-01,3.920978723821726408e-01,2.190852532243835749e-01,3.607056467069249539e-01,3.925851599027327388e-01,3.381540754188546716e-01,3.020334329315380595e-01,2.686246987250312523e-01,3.073593109976060500e-01,1.544165431094653151e-01,2.971519729186101744e-01,3.741270901162968010e-01,1.397972904077745826e-01,3.917116685178079760e-01,3.871524389791392573e-01,2.231674370884330905e-01,3.528635623890874484e-01,3.828440732789685774e-01,9.142658704582064255e-02,2.616873077997542429e-01,3.915938895477111825e-01,3.902029040679013683e-01,3.841869553542157090e-01,3.927670840568163735e-01,3.344923979137440773e-01,3.933649359365892773e-01,3.907220994679092008e-01,2.193413096777902249e-01,3.914662605968585174e-01,3.843809253468380982e-01,2.174997679880067147e-01,1.799855968747953172e-01,3.665059824084272444e-01,3.893513282338158521e-01,3.928771616635990394e-01,3.118682608886895746e-01,3.933582569574671783e-01,3.152506069128554467e-01,2.643514848533363715e-01,3.356306403706214581e-01,4.987817060075752651e-02,3.259716825502173565e-02,5.269014166400810481e-03,3.101704856947203395e-02,3.592183874342475252e-03,1.077588307332592865e-02,3.525625375154876062e-01,3.437570662762345353e-01,3.924380563071401262e-01,3.928744718367861988e-01,3.674401500964488698e-01,3.592060935505583252e-01,2.703369078899541811e-01,2.868274012541350837e-01,3.011512690993127794e-01,1.038418428431761437e-01,3.583771347452542611e-02,2.860900226437756988e-01,1.714630215106148492e-01,2.351135217213650708e-01,2.939179122816622525e-01,3.926192133975548448e-01,3.888738826718217689e-01,3.883355116630309301e-01,1.969392833635730533e-01,2.512591519359044234e-01,3.424076346899484480e-01,3.674932856370065060e-01,3.236784199699306863e-01,6.687857529840013360e-02,1.740908267324260406e-01,2.318413385334245624e-01,2.363396185585487502e-02,9.034543541518161303e-02,2.928379703000265621e-01,2.303446860347764802e-01,2.540184121192065048e-01,1.658218345582698483e-01,0.000000000000000000e+00,3.281257613237216209e-01,2.524377190000841042e-01,1.943681811795234526e-01,2.277600848763534566e-02,2.203656126385291902e-01,2.275848413325004815e-01,3.916087638048328379e-01,3.692923684693538711e-01,1.549686326935423297e-01,3.294167966467368425e-01,3.111778082884963381e-01,3.019210029443644139e-01,3.910438642934527254e-01,3.719872856322343768e-01,3.270565562043378227e-01,3.924459195388815824e-01,3.913182136954760915e-01,3.930474899189347893e-01,2.994710180579984726e-01,3.925275924452220067e-01,3.152257544045232174e-01,3.910587698706429749e-01,3.905696994814170098e-01,3.221302620909194392e-01,3.192385409727167001e-01,1.587936506807303416e-01,2.044881491733015477e-01,3.194350156755043635e-01,3.337872802657052551e-01,2.338139264862108269e-01,1.749948854175430724e-01,1.296574782945605353e-01,2.927320551658517678e-01,1.406157432689291442e-01,3.697444668810748181e-01,3.423047305887259584e-01,1.653853102158980848e-01,3.705168581316831133e-01,3.153151246638491445e-01,3.797672873111410108e-01,3.721661505744500720e-01,1.659532004911494774e-01,3.933074272561016271e-01,3.924793405449850670e-01,3.847931710719596499e-01,3.769609923047694822e-01,3.938309945209215179e-01,3.928436251311264726e-01,3.932955933340269161e-01,3.773831546613490295e-01,2.732001629642074603e-01,3.471455304290253507e-01,3.808743163911151863e-01,3.927849018142285376e-01,1.680600368172679299e-02,1.573382207579165359e-01,3.311791300761608436e-01,3.844475674177138536e-01,1.565227005876059507e-01,3.583272679433918695e-01,2.235366606548456203e-01,3.837535044652513050e-01,3.773596343540281395e-01,3.871462915013995643e-01,1.169916172481641897e-01,3.210577766802281685e-01,3.674284115668073336e-01,5.728410735919742258e-02,1.299868073764028908e-01,1.026012055422086677e-01,2.864651170928983470e-01,3.103263839666991000e-02,3.252394087634943864e-02,2.600506812469281434e-02,8.895578988976496349e-02,3.922747648385174202e-01,3.870398392285664402e-01,1.765651674561856121e-01,3.904129950881871647e-01,3.858699076267922967e-01,1.025945589811394637e-01,8.187277185395530621e-02,1.653582287684146890e-01,3.558901992385363755e-01,3.914909160471937710e-01,3.889955664339606045e-01,3.905404381331509245e-01,5.807020974114710660e-02,3.879280892621102539e-01,3.504104916339901288e-01,3.886199821980840241e-01,3.815782838236235208e-01,3.928164518111031955e-01,2.943117828791879109e-01,3.810782407158470608e-01,3.932304874893758351e-01,3.892920137835583771e-01,2.512917657442033659e-01,4.639079399821437882e-02,3.641990752715055235e-01,3.036696738346566504e-01,1.689817240730056846e-01,3.072687782833763981e-01,3.824583805626854960e-01,3.930182571256689017e-01,3.929686226546017513e-01,2.612328424320534137e-01,3.704662566238056676e-01,3.753639052756241323e-01,3.901017353782684771e-01,3.931596951389128014e-01,8.439284483990729113e-02,1.217376353754572038e-01,5.229701353832855171e-02,1.004750643532837523e-01,9.541540988772882759e-02,6.196713446206874448e-02,7.207786131454065048e-02,8.721380647490037386e-02,2.810312279477018491e-02,1.001056977661555630e-01,1.941665867503101009e-02,2.430164268853010623e-02,1.669108591397997221e-01,1.906665260129305206e-01,2.098563010024434294e-01,1.056878905467534269e-01,3.393431457083891795e-02,3.932990607841209407e-02,5.414775596021951382e-02,1.003829475052719737e-02,9.122728610360733570e-02,5.879609498338726759e-02,6.974960922932908584e-03,6.283973009901659690e-02,6.760644314067972005e-02,5.769000291468922431e-02,1.650035214053492683e-02,2.346736829122813769e-02,1.871682137119066447e-01,8.899823034374898523e-02,1.075540677585937466e-01,1.658955180157170028e-01
2.766273148790872605e-01,2.154671643165473605e-01,2.571588426613002909e-01,4.829539894801384570e-01,4.822024958923593618e-01,4.406348659644311883e-01,2.490237167383175798e-01,3.563903282543483542e-01,1.139989092110541141e-01,4.120187559037046809e-01,3.943359080303588948e-01,4.797730191924018395e-01,2.114931873270936014e-01,3.604172299314279959e-01,4.047589974480008679e-01,3.372619578752278358e-01,3.048620512187581455e-01,2.697564080568670697e-01,2.982270438041592642e-01,1.472177476066008350e-01,2.997796904659961181e-01,4.800932087674389392e-01,1.282571377116470679e-01,4.225698487878665754e-01,4.360010549108617184e-01,2.174580907922459561e-01,3.473233012042861723e-01,3.907548149389733494e-01,1.103386631468718654e-01,2.604285820519382511e-01,4.807456764037347785e-01,4.826656438940887806e-01,4.787056991187583210e-01,4.781063577824986033e-01,3.351235431309314006e-01,3.965553040902409787e-01,4.049009330542156504e-01,2.296220872566726301e-01,3.964294177865524405e-01,4.799217135267900836e-01,1.837871245218211380e-01,1.762464979653076691e-01,2.904442295034720400e-01,3.709255676885294672e-01,3.764285709913489097e-01,3.119303671661399213e-01,4.255458694396992425e-01,3.004221203414043084e-01,1.376043133328216650e-01,1.812914801608378479e-01,2.647119486074400382e-02,4.477152101331673822e-02,4.275971317916752758e-03,2.491254017281325367e-02,3.636987861128003919e-03,8.945211468031562946e-03,3.155556764530409453e-01,3.617848961359682591e-01,4.537292739619208648e-01,4.130061995186665724e-01,3.597873394410063819e-01,2.433057086822737469e-01,4.266419999768193971e-01,2.737636766111071762e-01,4.776349982729786170e-01,7.551634442433913241e-02,1.844660670854358919e-02,2.130739039457585360e-01,3.543818081165026057e-01,2.299447726068526709e-01,2.699903115542277576e-01,4.580429719667419852e-01,4.758023368640702522e-01,3.673716671018513735e-01,3.990061893645772684e-01,3.727113495709266644e-01,4.765207573564449461e-01,3.446059928202564460e-01,4.510659498833309855e-01,7.341079307737900794e-02,1.813001893890636429e-01,2.132864969997999849e-01,6.832890077646687488e-02,1.058328434786640626e-01,4.666268089892405824e-01,4.692085704523195067e-01,4.547514478724057341e-01,4.293543105820969985e-01,3.281257613237216209e-01,0.000000000000000000e+00,4.454634375025611770e-01,2.096727788925663860e-01,2.381545081953819962e-02,3.943007947281319536e-01,4.093269855714463668e-01,4.745760198682400510e-01,3.592841171981666637e-01,1.563955241652384975e-01,4.719950500590215925e-01,4.815657660106506532e-01,3.172815655466814655e-01,4.141593046923665034e-01,3.824891846733447509e-01,3.415901159784275887e-01,4.567141135202046898e-01,4.835544372940544511e-01,4.063114451674823546e-01,2.958220028435150084e-01,4.806396102279172355e-01,3.127191954445893152e-01,4.353335427535015567e-01,4.265705965725076765e-01,3.147040657564502131e-01,3.248168120485148136e-01,1.523076163784210513e-01,2.189395664035994893e-01,3.135627773487048575e-01,3.406966401966573521e-01,2.331677325329813144e-01,1.674349461576603026e-01,1.245193744903293348e-01,2.934472530500084053e-01,1.369687647437904943e-01,4.787723761814784429e-01,4.547857537991993881e-01,1.543595870963119232e-01,3.560009383182521359e-01,3.076154263040699055e-01,3.802910526970030847e-01,3.766290951082523764e-01,1.577180976207059604e-01,4.837835388923427127e-01,4.841960322199348465e-01,4.658957181222310728e-01,4.731990685554564036e-01,4.763721803472263927e-01,4.811041537890647368e-01,4.846902212392166232e-01,4.828853379433727389e-01,2.778782472909475665e-01,3.480422790377596942e-01,4.802891862744457230e-01,4.848004262724433522e-01,1.712960371271552915e-02,1.618829347084612402e-01,3.024204888529525292e-01,3.775575635083389670e-01,1.562659520187190121e-01,3.956911605608494642e-01,2.269678308404517175e-01,4.512762763535325128e-01,3.974105409244336751e-01,4.287711159542879624e-01,6.097630062105961063e-02,2.986782417262051070e-01,2.443761830033456539e-01,5.930181782145743652e-02,1.362778298073262229e-01,1.136126305839462863e-01,2.807586518185367641e-01,3.898184228826759301e-02,3.202529137298212175e-02,2.767634040168816256e-02,8.548734734053281548e-02,4.343511527410072737e-01,4.304879075423431178e-01,1.885028588276004835e-01,4.718435644155049014e-01,4.077374541675896080e-01,9.096666027864142023e-02,1.006563832391729890e-01,1.547663096969811025e-01,3.940216320214842693e-01,3.476291510137301533e-01,4.353773096932480047e-01,4.567361768180072112e-01,4.958446031109303015e-02,3.814333545506435330e-01,2.553194002624606385e-01,3.604391267651677055e-01,4.809007480428201808e-01,4.745927917157410914e-01,2.714694021421771297e-01,4.741323368595050103e-01,3.625195431077668506e-01,4.658627022778459859e-01,2.193303588372510493e-01,3.612664184079027868e-02,4.835298804159003372e-01,3.995510094312388905e-01,1.838268312627784340e-01,4.160974554257946267e-01,4.599621641194635013e-01,4.831552047504129033e-01,4.356263151156857250e-01,2.615718703849206350e-01,4.766348616594920373e-01,4.797587103733759739e-01,4.831074433543909308e-01,4.801484182418903068e-01,8.508349694724158530e-02,1.230933874604629302e-01,5.257897261092414620e-02,1.039981744134459291e-01,8.834749089627227936e-02,6.116021085021060982e-02,6.489409232394052762e-02,8.030517194527489466e-02,1.603065024492705132e-02,9.127104476844234704e-02,1.944234364542942947e-02,2.436903553163310629e-02,1.629165279407991385e-01,1.760264962320177429e-01,1.794211785873977283e-01,9.379624669471640919e-02,3.344150918005421580e-02,3.875847254219745575e-02,5.882025399535511373e-02,2.196313490810595029e-02,9.041092020855552580e-02,5.425138528999847581e-02,3.277072604980763634e-03,5.382566001402577099e-02,7.332210489140901510e-02,5.428282411421377768e-02,2.299670143612349976e-02,2.338304706170627606e-02,1.666346721180328172e-01,8.770872574772380081e-02,8.699902261644706924e-02,1.523137973091053254e-01
2.720118088554498437e-01,2.040632797181801683e-01,2.883929247447739597e-01,5.011397641953607707e-01,5.030307083209398789e-01,4.413006936007938807e-01,2.482866475740572731e-01,3.575239023866795263e-01,1.127217660031111235e-01,4.137725784660262751e-01,4.005101005367529554e-01,4.761524781854081789e-01,1.922754393530254347e-01,3.507790285177356804e-01,4.078781780988945949e-01,3.362839896446292443e-01,3.042122612331407683e-01,2.603000355717494108e-01,3.034932526640323203e-01,1.522033132303704239e-01,2.652239783935300688e-01,4.199650806500221378e-01,1.317336383199984862e-01,4.215251080857158605e-01,4.011042242618213516e-01,2.175612337091781812e-01,3.487589329792789572e-01,3.530567483600571266e-01,1.099429171830875324e-01,2.595510764681057680e-01,4.935790204938719228e-01,5.034261412597544894e-01,4.998814957741399279e-01,4.989314337664629284e-01,3.291501545418737962e-01,3.841979970518765164e-01,4.025476015617671655e-01,2.324292206741939704e-01,3.454897332503053531e-01,4.947834113722742733e-01,2.160953500786723103e-01,1.827929566610551892e-01,3.428540142221099263e-01,4.322611495818706184e-01,3.861027642697749673e-01,2.837556718050825433e-01,4.699908317710543293e-01,3.170373007424884815e-01,2.555710000561833839e-01,3.256563116728158347e-01,5.244205711659241653e-02,4.953085534087760949e-02,6.340481433016199528e-03,3.291833079638816634e-02,6.032320364025586454e-03,1.002475255359440605e-02,3.552377637975097646e-01,5.006870545944034356e-01,4.691360923083668366e-01,5.040263662858270877e-01,3.404412263639019498e-01,4.844275449648521303e-01,3.790468446912321210e-01,3.330855214146361543e-01,2.286947158821609205e-01,1.071218403143246040e-01,6.078496744148755709e-02,4.602247500109603040e-01,3.594548809390424315e-01,4.203056437950727364e-01,4.500239341368748591e-01,4.905358591740769936e-01,4.984890063824434780e-01,4.106862847759549795e-01,4.539047717182285169e-01,4.118539031156579489e-01,4.897871364710961739e-01,4.225747198435007013e-01,4.861493271651979864e-01,8.498911048566155924e-02,1.949944953323020091e-01,2.649473368634981951e-01,3.524445961284251860e-02,1.340266323688211192e-01,2.945957001847118728e-01,2.972639173417693237e-01,3.213706315365437161e-01,2.846094960983930333e-01,2.524377190000841042e-01,4.454634375025611770e-01,0.000000000000000000e+00,1.84104283311